1.0,1.0,119.545166015625,846.50537109375,531.4567260742188,1075.43701171875,1,-1,-1,-1
1.0,2.0,1055.582275390625,141.13108825683594,1181.9466552734375,211.58065795898438,1,-1,-1,-1
1.0,3.0,1566.0179443359375,535.8347778320312,1672.7640380859375,717.4378662109375,1,-1,-1,-1
1.0,4.0,1019.3193969726562,620.8370971679688,1124.6390380859375,817.5172729492188,1,-1,-1,-1
1.0,5.0,1832.5902099609375,645.2000122070312,1919.8095703125,832.380859375,1,-1,-1,-1
1.0,6.0,728.6613159179688,272.82568359375,801.818115234375,388.7500305175781,1,-1,-1,-1
1.0,7.0,821.4391479492188,194.2203826904297,872.7321166992188,276.00726318359375,1,-1,-1,-1
1.0,8.0,989.3388671875,390.1430969238281,1057.680419921875,491.3828430175781,1,-1,-1,-1
1.0,9.0,881.2959594726562,277.4600830078125,940.9464111328125,369.9115905761719,1,-1,-1,-1
1.0,10.0,927.5765991210938,138.01602172851562,976.4998168945312,171.57435607910156,1,-1,-1,-1
1.0,11.0,1769.323974609375,342.6889343261719,1850.990478515625,438.5855712890625,1,-1,-1,-1
1.0,12.0,884.0095825195312,164.76187133789062,929.3171997070312,213.24000549316406,1,-1,-1,-1
1.0,13.0,1479.6307373046875,193.62286376953125,1531.2412109375,292.1313171386719,1,-1,-1,-1
1.0,14.0,1441.0284423828125,136.14004516601562,1479.9228515625,188.8165740966797,1,-1,-1,-1
2.0,1.0,118.61199874843044,831.0245679114475,560.584242646117,1077.3517804106405,1,-1,-1,-1
2.0,2.0,1055.4129748189946,141.00442391387688,1180.0434591944352,210.42085694872642,1,-1,-1,-1
2.0,3.0,1561.814872228624,526.5593357559078,1668.7682223445938,708.5834910495223,1,-1,-1,-1
2.0,4.0,1021.2588269868698,611.4896764834066,1127.9513453037746,810.8311540587874,1,-1,-1,-1
2.0,5.0,1827.0145733361642,636.7795743075285,1915.8562772820565,827.0601095404506,1,-1,-1,-1
2.0,6.0,730.480422441475,275.96525384571925,800.4106479638388,386.7499626727144,1,-1,-1,-1
2.0,7.0,820.6177203068497,189.04765508982763,873.1362908630882,272.8936454836002,1,-1,-1,-1
2.0,8.0,985.9243719286591,379.37681314767883,1059.178292735113,488.0098586910027,1,-1,-1,-1
2.0,9.0,882.049095631547,279.4827931301653,938.4192326710098,366.82122424417287,1,-1,-1,-1
2.0,10.0,927.7867999431097,137.93188779216166,976.3188524167819,171.21748200723948,1,-1,-1,-1
2.0,11.0,1769.6944384156093,343.5379005621287,1850.1699233079833,438.0132380714101,1,-1,-1,-1
2.0,12.0,882.0729488761295,164.83901397452868,926.9207634939311,212.8233478640722,1,-1,-1,-1
2.0,13.0,1476.3107520906951,195.21445698383425,1525.7681537557664,289.55131568593424,1,-1,-1,-1
2.0,14.0,1440.0492797251495,136.68602859875386,1477.8528541849746,187.89286186281316,1,-1,-1,-1
3.0,1.0,107.68282915665836,817.0734029653086,567.8133895734361,1074.4846301292082,1,-1,-1,-1
3.0,3.0,1557.6710505786275,514.6044323525541,1666.9130880691134,700.7190318946205,1,-1,-1,-1
3.0,4.0,1022.3124011687806,611.3704506417234,1126.0591850134776,805.0055411503831,1,-1,-1,-1
3.0,5.0,1824.8282322402865,627.7716601111508,1914.8597164642379,820.0337949261541,1,-1,-1,-1
3.0,6.0,733.990636622992,278.924395739856,800.7051368360367,384.6086985183399,1,-1,-1,-1
3.0,7.0,823.0094304948088,189.1326126651295,874.5528287582697,271.45847002678425,1,-1,-1,-1
3.0,8.0,986.8984157906918,377.0250303591007,1059.5846321066108,484.9320411396635,1,-1,-1,-1
3.0,9.0,883.4897709573685,279.29508848208667,938.6379209803807,364.5243725231514,1,-1,-1,-1
3.0,10.0,928.6737739790519,137.98284599056413,978.1677172550603,171.9578160419828,1,-1,-1,-1
3.0,11.0,1772.2211286097572,347.5244321225393,1850.5247597833,439.4539387753659,1,-1,-1,-1
3.0,12.0,881.9713770527064,164.02304938488254,927.415274716561,212.62875888187926,1,-1,-1,-1
3.0,13.0,1475.122555466684,195.71717844969572,1523.511009677829,287.94027931503183,1,-1,-1,-1
3.0,14.0,1440.480570465554,136.81553127258303,1478.0988918351043,187.77028859078257,1,-1,-1,-1
4.0,1.0,96.36151102385028,800.6593082981977,584.7688647563195,1075.8788430139605,1,-1,-1,-1
4.0,3.0,1554.0622897625822,509.5303375660475,1661.0123955126442,691.5904783383345,1,-1,-1,-1
4.0,4.0,1024.6429548385966,606.5369796018488,1127.8557731596836,798.5240019701796,1,-1,-1,-1
4.0,5.0,1819.6013192257024,623.7974721479261,1908.9671715577874,812.9682344625858,1,-1,-1,-1
4.0,6.0,735.405553971705,277.74374946200965,800.8597429307839,381.36013661822176,1,-1,-1,-1
4.0,7.0,824.2284332382288,191.5799848195447,873.8812572345729,270.69209821442064,1,-1,-1,-1
4.0,8.0,986.4712992077843,373.9614226950546,1059.567894848232,482.3560479117431,1,-1,-1,-1
4.0,9.0,881.7091916135458,272.6962492318542,940.3919347227037,363.18160615391145,1,-1,-1,-1
4.0,10.0,929.0256744264988,138.4421949891927,978.9174067066864,172.72345525723424,1,-1,-1,-1
4.0,11.0,1772.1390915068575,349.037953186242,1850.8948698837519,441.52354837260384,1,-1,-1,-1
4.0,12.0,881.2643238785292,165.88647250793082,925.34546570106,212.95928372705413,1,-1,-1,-1
4.0,13.0,1471.6170811330335,192.90751997950528,1520.9231013935646,286.7384202463037,1,-1,-1,-1
4.0,14.0,1440.419102311068,137.16923030620032,1478.9403863884304,189.05024909487693,1,-1,-1,-1
5.0,1.0,97.32262049768775,788.3474686257599,598.5353075964367,1073.8404474163594,1,-1,-1,-1
5.0,3.0,1552.707884945765,503.7178570265223,1656.5140758917025,680.4241417200951,1,-1,-1,-1
5.0,4.0,1026.8651243386269,602.2189454105343,1128.9930037895235,791.5979100886979,1,-1,-1,-1
5.0,5.0,1813.6570123658576,618.306669720703,1902.3667586883648,804.4998887679374,1,-1,-1,-1
5.0,6.0,735.1785986481467,272.7009939645119,801.9865168247446,378.50725509562176,1,-1,-1,-1
5.0,7.0,824.6035446884375,191.4605370246974,873.531350963149,269.29286319550204,1,-1,-1,-1
5.0,8.0,984.7436362508953,368.2909914259445,1059.2939962407056,479.13284421836556,1,-1,-1,-1
5.0,9.0,878.370520260666,262.3192913694733,942.8418000181422,362.04840984454455,1,-1,-1,-1
5.0,10.0,929.2544504054963,138.95975694067607,979.52825628769,173.57928072930162,1,-1,-1,-1
5.0,11.0,1773.2549183982346,351.67462845594815,1849.5700107804082,441.4597651618639,1,-1,-1,-1
5.0,12.0,879.5582254245815,165.82601448206785,923.897472295118,213.20958769252084,1,-1,-1,-1
5.0,13.0,1468.8250764597383,190.5450642338664,1518.242989576021,284.18678154675877,1,-1,-1,-1
5.0,14.0,1438.0785162907123,137.42397510438386,1476.8131470415547,189.48340451143665,1,-1,-1,-1
5.0,15.0,1087.8233991188217,989.0292114257813,1679.5310930686783,1078.6978515625,1,-1,-1,-1
6.0,1.0,95.99052164281596,776.7019554970259,609.8697797441541,1073.36299683774,1,-1,-1,-1
6.0,3.0,1549.36191270376,493.69839700774037,1654.59783648318,673.5554584730271,1,-1,-1,-1
6.0,4.0,1027.4810608191103,593.0665638969081,1131.3331784139561,786.0559328735828,1,-1,-1,-1
6.0,5.0,1807.6891418519763,612.6262816172504,1896.8525713558638,798.0781211008469,1,-1,-1,-1
6.0,6.0,735.6378377679595,265.7183193208756,804.8904082371743,375.8401491837968,1,-1,-1,-1
6.0,7.0,825.1995346034922,189.378644948694,874.1584613717968,267.1596565695414,1,-1,-1,-1
6.0,8.0,983.7386807326957,363.14411622516184,1058.7533842838573,475.0338626222235,1,-1,-1,-1
6.0,9.0,876.6280572131375,253.48261248440488,944.9418000928424,359.7945110476891,1,-1,-1,-1
6.0,10.0,930.4062580649279,138.7983459229368,981.3275758745451,174.0162821790501,1,-1,-1,-1
6.0,11.0,1774.5660558061136,352.6705364340508,1850.3762432311441,441.9146280650879,1,-1,-1,-1
6.0,12.0,879.2840715268858,166.0184142092183,923.0388464560606,212.83139692186393,1,-1,-1,-1
6.0,13.0,1467.4336375230014,189.67094419501512,1516.5546967148439,282.48121307081146,1,-1,-1,-1
6.0,14.0,1436.428997903395,137.73763173921282,1474.9344612150442,189.4341742149441,1,-1,-1,-1
6.0,15.0,1042.6168548483445,973.9973272016596,1734.366010050517,1079.6337111066027,1,-1,-1,-1
7.0,1.0,94.96708712240206,765.0745531715831,620.8102999019461,1073.779155261758,1,-1,-1,-1
7.0,3.0,1545.7846519725797,486.63681203665897,1649.8417157403003,664.7965950150244,1,-1,-1,-1
7.0,4.0,1028.4396850823973,583.0310050555923,1133.4004280005074,778.5208141082406,1,-1,-1,-1
7.0,5.0,1801.5452169719076,605.4540882987112,1890.5513564502728,788.8579372212625,1,-1,-1,-1
7.0,6.0,737.4951344158497,266.14110796491195,803.4903376199278,370.96333502466814,1,-1,-1,-1
7.0,7.0,824.9035655554796,186.97650426510336,874.0662298324398,265.0422668195298,1,-1,-1,-1
7.0,8.0,981.5521539958451,355.150626000553,1059.2522146007207,471.6334025291614,1,-1,-1,-1
7.0,9.0,879.2230250667192,261.65624976611355,940.4052302322714,356.6768843687378,1,-1,-1,-1
7.0,10.0,931.411442937719,138.5928060186659,981.7346352128701,173.46051710271257,1,-1,-1,-1
7.0,11.0,1775.3006244971882,354.6912297043612,1849.436472191656,442.0934868758623,1,-1,-1,-1
7.0,12.0,877.5952810553877,163.90030687867022,922.1469565043521,211.71015785030443,1,-1,-1,-1
7.0,13.0,1465.176087526472,189.10168532517557,1513.3118695155429,279.6243017279228,1,-1,-1,-1
7.0,14.0,1433.609921538444,138.39658742924286,1471.5432714354554,189.27104265503334,1,-1,-1,-1
7.0,15.0,974.4306566125725,950.1192454476019,1799.268566983224,1078.0466234019218,1,-1,-1,-1
8.0,1.0,97.61437341402382,754.2026772444889,630.544581779594,1073.4667056716337,1,-1,-1,-1
8.0,3.0,1542.7258281989953,481.35887054927815,1644.8233742637685,656.239631503832,1,-1,-1,-1
8.0,4.0,1029.8442565314717,578.3742860801358,1133.2563958518808,770.7251142103817,1,-1,-1,-1
8.0,5.0,1792.6861326626467,596.7117373878905,1882.6859251047354,780.2712290525312,1,-1,-1,-1
8.0,6.0,739.5955572340174,267.76085686598276,801.4371041307218,365.80930724068844,1,-1,-1,-1
8.0,7.0,824.6882001810332,185.7380305428214,872.3876267502294,261.2609305260389,1,-1,-1,-1
8.0,8.0,980.0944674505091,350.39884100509585,1057.9153148303417,467.68285452179896,1,-1,-1,-1
8.0,9.0,879.6452429646409,259.5592369638053,939.099914548876,352.1166505837978,1,-1,-1,-1
8.0,10.0,932.0561814369601,138.40038636824502,981.3463579744332,172.618145821998,1,-1,-1,-1
8.0,11.0,1773.9850694855932,353.71760243278396,1849.4718070636768,443.0446340367427,1,-1,-1,-1
8.0,12.0,875.9517036597683,161.79240294517388,920.6238055337426,209.93353216068408,1,-1,-1,-1
8.0,13.0,1463.8556082878745,189.211465878165,1510.3970458406839,276.84145327473493,1,-1,-1,-1
8.0,14.0,1430.9233694473328,137.75891904623657,1468.6532407552609,188.6355388684889,1,-1,-1,-1
8.0,15.0,924.65410685766,928.3422612141986,1853.0643547750258,1075.517715250228,1,-1,-1,-1
9.0,1.0,98.47671643488292,739.562644051003,640.2153154472664,1071.689960099451,1,-1,-1,-1
9.0,3.0,1540.5281472245747,472.5267629865926,1642.2522701952535,646.6611695891218,1,-1,-1,-1
9.0,4.0,1034.516832203337,574.7223476586587,1136.2195580961766,763.4031319655219,1,-1,-1,-1
9.0,5.0,1788.1764748824298,591.1100657813512,1877.7800032811547,772.0983077799707,1,-1,-1,-1
9.0,6.0,740.3401454034253,262.59680136377256,802.9295806575841,362.2163452638897,1,-1,-1,-1
9.0,7.0,825.6819563349438,184.02237436859946,872.4700711983076,257.78996303923697,1,-1,-1,-1
9.0,8.0,980.5383678394574,347.5710789654455,1056.8837044170668,463.3235286073891,1,-1,-1,-1
9.0,9.0,880.8598067911015,257.44213047077244,939.5849552173034,348.96493672078316,1,-1,-1,-1
9.0,10.0,933.8337224341918,138.34151617428182,981.9190264729358,171.752528805039,1,-1,-1,-1
9.0,11.0,1776.2377036289133,355.79188009316607,1848.9850463992314,442.1204642028319,1,-1,-1,-1
9.0,12.0,875.3227033002931,159.5900090832503,919.7491306040404,207.63899926925686,1,-1,-1,-1
9.0,13.0,1461.4119568951717,186.12403344306165,1508.4163487832323,274.93778401946764,1,-1,-1,-1
9.0,14.0,1430.6309597992438,137.52592049565757,1467.266729648151,187.15558399333517,1,-1,-1,-1
9.0,15.0,871.244776608339,904.4819057362433,1907.5618339525897,1073.6074661912864,1,-1,-1,-1
10.0,1.0,101.44488326477739,729.1668105176784,647.3415457466513,1072.5123244559175,1,-1,-1,-1
10.0,3.0,1535.926784433659,465.3408808043459,1637.155579023795,638.2001100020706,1,-1,-1,-1
10.0,4.0,1036.2352162202799,572.961598177331,1136.3474573289107,757.6936750551737,1,-1,-1,-1
10.0,5.0,1782.80963303114,585.7265683571396,1871.771027041906,763.2030812520926,1,-1,-1,-1
10.0,6.0,741.26886207376,262.55695354450455,801.7238421457236,358.847834229724,1,-1,-1,-1
10.0,7.0,826.0871936851627,183.79741828947425,871.8290189752101,255.68759949570256,1,-1,-1,-1
10.0,8.0,979.4724179256043,342.0117227441671,1056.0497932123403,458.90577762196807,1,-1,-1,-1
10.0,9.0,879.4413172644537,249.16497790349888,941.402689461181,346.59681233433673,1,-1,-1,-1
10.0,10.0,933.9618239273918,138.32704134455264,981.5066290537918,171.42212526366438,1,-1,-1,-1
10.0,11.0,1773.7296908825247,353.6352367568265,1849.4689456628284,443.81539980635574,1,-1,-1,-1
10.0,12.0,872.6449141917819,157.4140555572875,917.4011227294814,206.0130240733311,1,-1,-1,-1
10.0,13.0,1457.4771328404283,183.12796080086574,1504.8022841629806,272.85659734189716,1,-1,-1,-1
10.0,14.0,1428.4373451911924,136.84622687412096,1465.832770330826,187.88009845773055,1,-1,-1,-1
10.0,15.0,833.1897737834033,885.4736304055988,1949.0970775176525,1074.048512678043,1,-1,-1,-1
10.0,2.0,1051.412033843084,141.55949721777458,1190.9242313450636,219.31947765150008,1,-1,-1,-1
11.0,1.0,110.14714884003735,717.819111512533,647.8811233842375,1064.8507894299748,1,-1,-1,-1
11.0,3.0,1532.9614657627546,459.18933178521445,1632.8342737355458,629.2113682001058,1,-1,-1,-1
11.0,4.0,1037.7695150868315,565.0245413381434,1139.264458953077,751.3040067301077,1,-1,-1,-1
11.0,5.0,1776.6462867671562,577.222293353543,1867.3464681641208,756.9582609234727,1,-1,-1,-1
11.0,6.0,743.254337653129,260.69702403703434,801.8866196342836,354.07666204307077,1,-1,-1,-1
11.0,7.0,826.9512271947192,182.66909812480094,872.8448046813353,254.62697113018646,1,-1,-1,-1
11.0,8.0,980.9154511892211,340.79124725074826,1054.5204674307213,453.57906070558613,1,-1,-1,-1
11.0,9.0,879.296638647714,240.80656133574163,943.2610766285154,342.3560556533579,1,-1,-1,-1
11.0,10.0,935.3670967905849,138.30945222654705,982.2298187838377,171.01832528690377,1,-1,-1,-1
11.0,11.0,1772.9717895786757,351.7043159671605,1850.087627416758,444.1098268204627,1,-1,-1,-1
11.0,12.0,871.9302871338356,155.21574075410138,917.1895523875547,204.62621568123842,1,-1,-1,-1
11.0,13.0,1455.205277377451,181.19763456794487,1502.067388777264,270.55119215025616,1,-1,-1,-1
11.0,14.0,1428.0065643245198,137.27227090098765,1464.468970260843,187.34873889662023,1,-1,-1,-1
11.0,15.0,786.8135304066855,863.6998075060305,1998.5418890499664,1077.1018095413795,1,-1,-1,-1
12.0,1.0,126.36810371695407,707.3297001980479,644.6887028078243,1050.2052701359557,1,-1,-1,-1
12.0,3.0,1530.9990678964052,453.6649969313968,1629.1177960667362,620.2912278361438,1,-1,-1,-1
12.0,4.0,1041.5142756512555,562.6397199350865,1141.972282826906,745.1287847153551,1,-1,-1,-1
12.0,5.0,1769.9735819416044,571.9964740315706,1860.3828806301042,749.5349367455278,1,-1,-1,-1
12.0,6.0,743.9737510722947,254.6988911281801,803.0846724607451,349.07451697746774,1,-1,-1,-1
12.0,7.0,827.5428938803212,180.50757984823815,873.8034407804249,252.96622876200115,1,-1,-1,-1
12.0,8.0,982.9005858756351,342.3254389122874,1052.266302422715,448.9460973041357,1,-1,-1,-1
12.0,9.0,880.3430024436017,235.47279662791044,944.3770599902945,338.1796608576727,1,-1,-1,-1
12.0,10.0,936.862808576887,138.2156436582055,982.8791777356145,170.39481157100872,1,-1,-1,-1
12.0,11.0,1773.0405223689404,351.7730049329563,1850.2762414189538,444.7982618473339,1,-1,-1,-1
12.0,12.0,870.5341793728653,152.04701574968274,917.0556806427101,203.23033269876666,1,-1,-1,-1
12.0,13.0,1452.7946948864283,178.90679365851125,1499.368012365337,268.1135486654678,1,-1,-1,-1
12.0,14.0,1427.774278933354,138.19802805781057,1462.5072886664204,185.923040356226,1,-1,-1,-1
12.0,15.0,759.6242264102126,844.3067678582831,2030.3422945231137,1078.6942847670762,1,-1,-1,-1
12.0,2.0,1055.3857776881093,144.14603479385124,1191.73616822163,220.58396972523138,1,-1,-1,-1
13.0,1.0,136.3331101619053,693.4841737772546,643.2845729275267,1037.37915360519,1,-1,-1,-1
13.0,3.0,1528.0712337692164,446.50401676024825,1626.0405125736117,612.711271171511,1,-1,-1,-1
13.0,4.0,1043.4149897485458,555.0045657808801,1144.8045728712245,738.4926164756614,1,-1,-1,-1
13.0,5.0,1763.9413959633905,565.2703358508733,1854.5534444973048,741.640157499825,1,-1,-1,-1
13.0,6.0,746.0160854381799,253.9346429422835,802.7260485103067,343.90992045870865,1,-1,-1,-1
13.0,7.0,828.0607219461975,180.25182382294668,873.035666028749,250.44721012156293,1,-1,-1,-1
13.0,8.0,983.7463723424771,340.8608376004771,1050.915490101401,444.47711709462,1,-1,-1,-1
13.0,9.0,880.0491703724383,230.46276799483636,944.3751052348969,334.60010565259,1,-1,-1,-1
13.0,10.0,937.6292424571141,138.24876024671144,982.8654065213943,169.93445241339313,1,-1,-1,-1
13.0,11.0,1772.5117915177157,350.8660308546569,1850.25356508909,444.9319610542238,1,-1,-1,-1
13.0,12.0,869.3498379391987,149.4689756851201,915.587466469778,200.8375330439583,1,-1,-1,-1
13.0,13.0,1450.8101002708393,177.52074779445027,1497.2055751945384,266.14078059686415,1,-1,-1,-1
13.0,14.0,1427.6785878784056,138.24545804794113,1460.9856903232533,183.73751687716404,1,-1,-1,-1
13.0,15.0,742.7834070041563,825.8158034889501,2049.1876434370706,1079.3533779626594,1,-1,-1,-1
14.0,1.0,151.18482727555258,682.7650989868465,640.4968497001893,1022.8018023877495,1,-1,-1,-1
14.0,3.0,1525.3181640115226,440.5826108447529,1621.295014493859,603.050933351122,1,-1,-1,-1
14.0,4.0,1044.5463241786606,548.4683343556432,1146.3859044232986,732.1028752004405,1,-1,-1,-1
14.0,5.0,1757.5460001488232,554.9779312779947,1849.1056399128665,731.621649271661,1,-1,-1,-1
14.0,6.0,745.9747944846173,246.98651378432604,804.0011599693888,338.9992116160503,1,-1,-1,-1
14.0,7.0,828.3129114408192,178.20290547321392,872.685344536516,247.23117217530879,1,-1,-1,-1
14.0,8.0,983.4318051463381,336.08422745841443,1050.4675605358725,440.0375127921165,1,-1,-1,-1
14.0,9.0,882.3796072557708,235.1113306008786,940.8644786875567,329.85946764567,1,-1,-1,-1
14.0,10.0,938.2484532777314,138.3839811164199,982.4891085296026,169.47464936418854,1,-1,-1,-1
14.0,11.0,1772.6404080507841,351.10496375215945,1850.0768997771665,445.20256330675096,1,-1,-1,-1
14.0,12.0,869.6499569283167,148.1463378615056,913.7885766803035,197.50265857303825,1,-1,-1,-1
14.0,13.0,1449.1490948098594,177.26746672826727,1494.5218872353753,263.250658056295,1,-1,-1,-1
14.0,14.0,1427.827183074695,138.05705635107458,1460.2065251033825,181.94318740690593,1,-1,-1,-1
14.0,15.0,734.6575969205364,807.755118613442,2060.311429493904,1079.3510965338778,1,-1,-1,-1
15.0,1.0,165.5802138368315,670.5138954427758,636.239781214465,1005.1444859313816,1,-1,-1,-1
15.0,3.0,1522.9781832445258,434.4025127873988,1617.8594259358044,594.2763350428334,1,-1,-1,-1
15.0,4.0,1046.6384550749262,541.8136779703832,1148.1373882884345,723.4412913558765,1,-1,-1,-1
15.0,5.0,1752.5468000053615,547.7983516153433,1843.997896342024,722.6736560739103,1,-1,-1,-1
15.0,6.0,745.8711589453397,237.99572289825335,806.3170641862499,333.9364814746814,1,-1,-1,-1
15.0,7.0,828.2968278259004,176.56509903494072,872.0267875445124,244.08877074706413,1,-1,-1,-1
15.0,8.0,979.8098983379896,321.733858517621,1052.4422025178512,435.4900129813125,1,-1,-1,-1
15.0,9.0,882.017272770227,230.0530816397816,941.1341450938808,326.0328292084404,1,-1,-1,-1
15.0,10.0,940.2995141491892,138.5905125227884,981.5051662225405,167.54020438477215,1,-1,-1,-1
15.0,11.0,1772.2067211188544,350.3447714683766,1849.9172266582184,445.087097443159,1,-1,-1,-1
15.0,12.0,867.8675921479696,145.1561678234325,912.259885314648,194.87207479245393,1,-1,-1,-1
15.0,13.0,1447.3784835047636,179.48488341689537,1490.3708622029067,259.84799178716264,1,-1,-1,-1
15.0,14.0,1426.5625175808452,137.75730988569026,1459.7106499466252,182.55757061175612,1,-1,-1,-1
15.0,15.0,732.9597452412814,790.2866834465582,2066.7585141842865,1079.5655088311873,1,-1,-1,-1
16.0,1.0,177.29015143937255,658.7283327374474,632.031815018594,989.1488445406357,1,-1,-1,-1
16.0,3.0,1518.7428024328194,425.66687181098933,1613.188568335657,584.6786729758664,1,-1,-1,-1
16.0,4.0,1050.0583269260596,536.408915027348,1150.162147805083,714.4596658777409,1,-1,-1,-1
16.0,5.0,1745.780080283497,543.6697278009041,1836.1109503003056,714.5904220887777,1,-1,-1,-1
16.0,6.0,746.2805335566654,230.68433328802934,808.1357457824176,328.90641898925895,1,-1,-1,-1
16.0,7.0,828.0606916753754,174.1999741048702,871.894096234264,241.38673728412823,1,-1,-1,-1
16.0,8.0,977.9774810707272,313.73454091660244,1051.7356966817883,430.3818661564304,1,-1,-1,-1
16.0,9.0,882.8591530677462,229.1749712564926,940.7380596360512,323.10250820053835,1,-1,-1,-1
16.0,10.0,942.4689783756219,138.87124022905073,980.4588157235473,165.4264722105654,1,-1,-1,-1
16.0,11.0,1771.117409263419,349.2451435846749,1849.5027188778752,445.1504581410137,1,-1,-1,-1
16.0,12.0,866.2925490184094,143.06106714660834,910.9281039361209,193.15237233173238,1,-1,-1,-1
16.0,13.0,1444.7684052429297,181.8012450290287,1485.2838369161752,256.10886651716606,1,-1,-1,-1
16.0,14.0,1426.640181787318,138.4170739448584,1458.67907901727,181.2394512966474,1,-1,-1,-1
16.0,15.0,742.2298446568384,774.3677449017755,2062.7810855271305,1078.2528865341797,1,-1,-1,-1
17.0,1.0,190.21399746351392,647.1150837702414,627.6591332207176,971.5356226335123,1,-1,-1,-1
17.0,3.0,1516.162399711809,417.41320206486137,1610.0151876514296,574.8314501122883,1,-1,-1,-1
17.0,4.0,1053.0970990987867,530.8937145751879,1151.568075854464,704.5366749160514,1,-1,-1,-1
17.0,5.0,1739.875063879757,539.0393543362569,1829.2982124371792,706.2368415228951,1,-1,-1,-1
17.0,6.0,750.2035645842451,230.61652488962937,809.1577306940395,323.55589984422994,1,-1,-1,-1
17.0,7.0,828.6017523445988,170.8884723157109,872.2490524841836,237.10079233521733,1,-1,-1,-1
17.0,8.0,980.6236852307092,313.7251586390668,1050.5393487177505,424.4014408879331,1,-1,-1,-1
17.0,9.0,884.6979591884327,227.1794038247836,941.6257948827116,319.2973384467095,1,-1,-1,-1
17.0,11.0,1771.8369788254527,348.7558013851552,1849.2517822731097,443.40666710554547,1,-1,-1,-1
17.0,12.0,866.3019968817083,141.29149080958896,910.0799615526677,190.4103251884711,1,-1,-1,-1
17.0,13.0,1442.0844166589152,176.46727248649538,1484.1433458638255,252.66876227298016,1,-1,-1,-1
17.0,14.0,1427.1280855177129,138.23415985356442,1457.2596853669625,177.4558216179415,1,-1,-1,-1
17.0,15.0,745.5806649956297,755.6447530309064,2066.3048426298888,1078.9504080906813,1,-1,-1,-1
18.0,1.0,202.6172628155479,635.2474090030705,624.5364945012548,953.8895319857779,1,-1,-1,-1
18.0,3.0,1513.6821220984414,410.108075611865,1606.5478709402307,565.2518812302853,1,-1,-1,-1
18.0,4.0,1053.553026533741,524.3192414909279,1152.1711256285625,697.5544581322865,1,-1,-1,-1
18.0,5.0,1733.5689923696289,527.3806992934909,1824.2944708227658,695.6565194101132,1,-1,-1,-1
18.0,6.0,750.824385196989,225.50024224970397,809.8840592669516,317.99616547927565,1,-1,-1,-1
18.0,7.0,829.1170353512227,168.05656266794756,872.0501085787264,232.5860794562226,1,-1,-1,-1
18.0,8.0,981.1237615160296,312.3748211987026,1048.0526616380796,417.83403368343994,1,-1,-1,-1
18.0,9.0,886.9545869623342,224.00640554678165,942.6961224153721,314.01606160456,1,-1,-1,-1
18.0,11.0,1771.5770074606473,349.5159314211121,1846.6292477324344,441.08419923523024,1,-1,-1,-1
18.0,12.0,867.3243720940263,139.97914429450987,908.5256554214225,185.88568075254187,1,-1,-1,-1
18.0,13.0,1439.6892937141774,175.90730257065434,1480.7144603680972,248.96646740180546,1,-1,-1,-1
18.0,15.0,759.6063380285589,739.5620747081771,2054.979339002549,1077.5308712494705,1,-1,-1,-1
19.0,1.0,214.8458307655422,623.5438217217904,621.8873875415995,936.2450243776127,1,-1,-1,-1
19.0,3.0,1509.045184903365,402.9834833301605,1600.7635648890735,555.9252075075108,1,-1,-1,-1
19.0,4.0,1055.2921648113,517.9660696711796,1153.3339242026957,688.9706306940295,1,-1,-1,-1
19.0,5.0,1728.390731366726,519.5540967993978,1819.3984194797276,687.6629604351639,1,-1,-1,-1
19.0,6.0,751.4692935017498,222.43812143698688,810.0094802923726,313.35258617125305,1,-1,-1,-1
19.0,7.0,828.9988576564557,164.11866084988378,872.2909651098031,228.76755308836726,1,-1,-1,-1
19.0,8.0,980.7494394957248,306.95305919418666,1047.7751425415463,412.5530428597255,1,-1,-1,-1
19.0,9.0,887.7667992091909,222.64580844769574,941.9164120953557,309.6866895651145,1,-1,-1,-1
19.0,11.0,1770.856309675278,347.1763721154462,1846.5104068598978,439.34581018741534,1,-1,-1,-1
19.0,12.0,868.1952980671806,139.25564497335066,906.8344520996061,182.1088438025832,1,-1,-1,-1
19.0,13.0,1436.8640526528823,173.45417440924945,1477.7769000519559,245.0516439835423,1,-1,-1,-1
19.0,15.0,792.5425045287578,725.1471280348064,2024.8134601241454,1067.8643709291707,1,-1,-1,-1
20.0,1.0,224.12032785873618,613.3871168408793,621.267489281196,923.4520949732384,1,-1,-1,-1
20.0,3.0,1506.6462322175719,396.1766778419261,1597.6263111376609,547.7157470654104,1,-1,-1,-1
20.0,4.0,1057.6703906028133,513.7504937696566,1154.936587496999,682.8006959757298,1,-1,-1,-1
20.0,5.0,1724.9761699425128,513.0756818623158,1815.5912242444294,679.8450885907155,1,-1,-1,-1
20.0,6.0,752.4342966899814,218.98008618009322,810.1786307552667,308.0120952268374,1,-1,-1,-1
20.0,7.0,829.4836421437143,162.16165180366224,872.6829733625726,226.3676806635941,1,-1,-1,-1
20.0,8.0,981.0061438954817,303.97790149476305,1047.0616749794299,408.1188510392492,1,-1,-1,-1
20.0,9.0,888.6050715536114,220.15460137709846,942.2337491842611,305.95689300899306,1,-1,-1,-1
20.0,11.0,1770.889949012551,346.9130435928512,1846.111553487926,438.31146657647525,1,-1,-1,-1
20.0,12.0,867.8387115310018,138.87241831965514,905.9064967485567,180.91826534854914,1,-1,-1,-1
20.0,13.0,1434.5309003197526,171.78251042470424,1475.1534953719224,242.23278219347173,1,-1,-1,-1
20.0,15.0,836.2477735300743,710.2861667771093,1985.4374494548044,1050.824191704964,1,-1,-1,-1
21.0,1.0,233.58982009985263,605.0941037809514,619.6362721081837,910.8602757700673,1,-1,-1,-1
21.0,3.0,1504.2297919513096,390.3631180252694,1594.5712948911662,540.2909129035637,1,-1,-1,-1
21.0,4.0,1059.9686759461972,510.9812720332338,1155.5390081124199,676.1134010570181,1,-1,-1,-1
21.0,5.0,1719.0064558452573,504.9949295868298,1810.3044379434436,672.4603705115903,1,-1,-1,-1
21.0,6.0,753.1575648677493,216.29131144002108,810.6367757932197,304.5046313118728,1,-1,-1,-1
21.0,7.0,830.3147491669093,161.195582186023,872.9057590305421,224.22296754942096,1,-1,-1,-1
21.0,8.0,981.4526247331544,302.005698406442,1046.2030636870447,404.20628285187126,1,-1,-1,-1
21.0,9.0,888.7530603757951,213.42884903490875,944.294540906658,302.7104938352874,1,-1,-1,-1
21.0,11.0,1770.9806650945293,346.87042222832747,1846.4857819436393,438.42175001508417,1,-1,-1,-1
21.0,12.0,867.6969364775457,138.1858980845511,905.0237065106087,179.19534995831205,1,-1,-1,-1
21.0,13.0,1432.7080771290716,168.10043012926997,1474.7407235557394,240.21557718975447,1,-1,-1,-1
21.0,15.0,882.8316895927236,696.8514365104367,1945.1012400919062,1031.6752353953957,1,-1,-1,-1
22.0,1.0,242.6831864079617,597.0317431277919,618.0979234197595,897.7270022001445,1,-1,-1,-1
22.0,3.0,1503.2443447090252,386.469959459281,1592.0729322307068,533.3962375871517,1,-1,-1,-1
22.0,4.0,1061.2161101206102,502.55857997550874,1158.4387533908525,670.1807381384331,1,-1,-1,-1
22.0,5.0,1714.2410112747928,499.3070135700066,1805.2420425658727,665.6276982407576,1,-1,-1,-1
22.0,6.0,754.8684440897949,214.55458001525994,811.7487137593031,301.35991226155807,1,-1,-1,-1
22.0,7.0,831.6236591693212,161.707693405965,873.1055025954106,222.48717914406868,1,-1,-1,-1
22.0,8.0,982.6318846606115,302.7346229302596,1044.6996563010036,400.3755347223411,1,-1,-1,-1
22.0,9.0,890.2725997494473,211.58073094429233,945.4715154173342,300.7987416323298,1,-1,-1,-1
22.0,11.0,1772.3698282037017,350.64221871001547,1845.9153883898139,439.78119171348925,1,-1,-1,-1
22.0,12.0,867.7804894039763,138.4121181426206,904.7703636499028,178.93290792040136,1,-1,-1,-1
22.0,13.0,1429.964994277048,161.48833136317484,1474.9281497427855,237.56951958557096,1,-1,-1,-1
22.0,15.0,922.5850683516378,683.4756667972248,1905.4787088090038,1012.6933275779608,1,-1,-1,-1
23.0,1.0,252.67241135772665,587.7201693628454,616.8819471444488,882.639315398583,1,-1,-1,-1
23.0,3.0,1498.615548350967,380.1685601243423,1587.770204006254,527.2189919457377,1,-1,-1,-1
23.0,4.0,1063.369460132132,497.64290747361747,1160.134980039886,664.1995163231704,1,-1,-1,-1
23.0,5.0,1709.6978752163736,494.8050963565895,1800.1347506707025,659.2371820398891,1,-1,-1,-1
23.0,6.0,755.9665222488404,213.59953120415986,812.0493599477754,298.6070785433007,1,-1,-1,-1
23.0,7.0,831.7458564210988,161.77045010671853,873.164860568073,222.0188341250675,1,-1,-1,-1
23.0,8.0,982.8613040429087,301.8568171617854,1043.5171300219768,397.1496932090868,1,-1,-1,-1
23.0,9.0,891.6078457231579,211.4265764935418,945.5524935297501,299.04356980113545,1,-1,-1,-1
23.0,11.0,1772.2507135250196,351.90409963967653,1845.431242322795,440.36906808322175,1,-1,-1,-1
23.0,12.0,868.0455387835673,139.0504422969983,902.8252328358992,176.94807405562597,1,-1,-1,-1
23.0,13.0,1426.5780456206382,159.15369913033038,1471.9798801952263,235.5373511917129,1,-1,-1,-1
23.0,15.0,959.2349269676279,672.2545092332991,1869.7899535930928,995.9647020266341,1,-1,-1,-1
24.0,1.0,262.9461827848459,580.465400845156,615.8932932977089,869.1396439823486,1,-1,-1,-1
24.0,3.0,1493.4570990948212,373.56769768269737,1582.26900702215,520.149099854776,1,-1,-1,-1
24.0,4.0,1065.2858975663055,491.00341932522906,1164.164718340385,661.1348662859241,1,-1,-1,-1
24.0,5.0,1705.7469355749954,492.9356681420667,1793.2130104958605,650.7305164200537,1,-1,-1,-1
24.0,6.0,756.5201210559457,211.04916448195794,812.0939901197138,294.6559965648668,1,-1,-1,-1
24.0,7.0,831.7659737763448,160.75282764517686,873.1313644016385,220.66337835694276,1,-1,-1,-1
24.0,8.0,983.109517631782,301.9741584005199,1041.324288784858,393.26379571197486,1,-1,-1,-1
24.0,9.0,891.8339860749705,205.5015416033505,947.3692211744127,296.4712819737864,1,-1,-1,-1
24.0,11.0,1772.494235123159,349.95355121804283,1847.3657190670633,440.3328544910467,1,-1,-1,-1
24.0,12.0,868.1102143515867,138.86215349650203,901.4427301343618,174.86814273639678,1,-1,-1,-1
24.0,13.0,1423.9472035685872,161.4563406883379,1467.4540181384891,233.85965936781156,1,-1,-1,-1
24.0,15.0,993.8526273227151,659.4762567543901,1837.6228200809671,977.3346775668083,1,-1,-1,-1
25.0,1.0,269.8981310538205,571.0552745994898,617.8895833478485,858.7655851224617,1,-1,-1,-1
25.0,3.0,1490.042019494943,367.45759720375105,1578.6021611527822,513.8413438435045,1,-1,-1,-1
25.0,4.0,1068.2273944788788,485.75952379912025,1165.6917754139656,653.4098838981184,1,-1,-1,-1
25.0,5.0,1702.1331964902768,487.22796074529083,1789.3664213321388,644.5287706043878,1,-1,-1,-1
25.0,6.0,757.6130557679949,205.2161021875991,814.3035959777626,290.0440231203337,1,-1,-1,-1
25.0,7.0,832.3130825745549,159.33041464749638,873.6121884260214,218.7746221589234,1,-1,-1,-1
25.0,8.0,983.4033644769719,299.68384533884864,1040.6703608571027,389.56398525096574,1,-1,-1,-1
25.0,9.0,894.6835609661453,205.16107688937694,947.9488571876736,292.6807231221168,1,-1,-1,-1
25.0,11.0,1774.2348327004802,352.69007717476995,1847.0776602960736,440.6814393032058,1,-1,-1,-1
25.0,12.0,868.2261090953273,138.91946514843335,900.5941734229241,173.4808689363693,1,-1,-1,-1
25.0,13.0,1422.0192661231838,161.11848067560877,1465.1290909781171,231.93256258377747,1,-1,-1,-1
25.0,15.0,1024.614931857478,648.4762764828394,1808.5089697089984,960.8228129282037,1,-1,-1,-1
26.0,1.0,278.2585545807094,562.9867063965437,616.8738358988845,845.4734100008345,1,-1,-1,-1
26.0,3.0,1486.5145919343568,362.93985503913916,1574.2801628704779,507.78048507896654,1,-1,-1,-1
26.0,4.0,1069.8943810285496,479.4165330716809,1167.0612049679648,646.5210542244146,1,-1,-1,-1
26.0,5.0,1696.8698755614996,484.15218125096885,1782.2522833042053,636.9810961053147,1,-1,-1,-1
26.0,6.0,756.9370851320355,199.43497203113253,814.7580994403156,286.0485778313884,1,-1,-1,-1
26.0,7.0,831.7863811380658,156.2787359549698,873.7301845723624,216.67215381555295,1,-1,-1,-1
26.0,8.0,982.730191372874,296.08678776279345,1039.605415971848,385.4946509265308,1,-1,-1,-1
26.0,9.0,895.9694099791235,203.97601334154106,947.2795632612102,288.6154041805903,1,-1,-1,-1
26.0,11.0,1774.5136068827812,350.6839808083365,1848.4667692233445,440.12928155305224,1,-1,-1,-1
26.0,12.0,867.4720248053677,138.63044149341286,898.6224923433285,171.3203821439205,1,-1,-1,-1
26.0,13.0,1418.733523495466,158.51765059911568,1462.4132392496101,229.41464217410376,1,-1,-1,-1
26.0,15.0,1052.0674999495757,635.6412780731957,1783.0895262820152,943.2117275780524,1,-1,-1,-1
27.0,1.0,287.2795641330599,552.4649872978868,617.5256061064844,830.3452593737671,1,-1,-1,-1
27.0,3.0,1484.744622876869,355.33634799524174,1570.831026823054,497.30013630185584,1,-1,-1,-1
27.0,4.0,1072.83889545431,473.9576524012686,1169.3781759568703,639.4806597553268,1,-1,-1,-1
27.0,5.0,1691.3194211481025,478.830161391443,1776.4534395533972,629.9775370973239,1,-1,-1,-1
27.0,6.0,758.4784346571199,195.0683131419509,815.9738811694805,281.2371912756656,1,-1,-1,-1
27.0,7.0,832.2327162734828,153.30336223084143,874.0508477228716,213.3799456713791,1,-1,-1,-1
27.0,8.0,981.8043257950931,287.09209402894396,1040.85825447928,380.37538484046206,1,-1,-1,-1
27.0,9.0,897.276150300132,199.16496753814533,948.9401343016993,284.43951901451055,1,-1,-1,-1
27.0,11.0,1774.481800159712,351.9059259978052,1847.3667012218204,439.9521786401556,1,-1,-1,-1
27.0,12.0,867.5829505508515,138.48646397229868,897.9657477907361,169.86533006352767,1,-1,-1,-1
27.0,13.0,1414.7734667410693,152.12210125387094,1461.0716935257972,226.53561583933515,1,-1,-1,-1
27.0,15.0,1078.9547304813393,623.1322415535649,1757.2813979703426,923.5562978676596,1,-1,-1,-1
28.0,1.0,294.34024616757347,541.4243658306331,618.7677092663577,816.6167842688059,1,-1,-1,-1
28.0,3.0,1481.6975911077934,347.9700927841779,1567.9090854890037,490.5084027140935,1,-1,-1,-1
28.0,4.0,1076.005038824142,469.5272193757901,1171.1069654218077,632.3205319304755,1,-1,-1,-1
28.0,5.0,1687.3443826330292,475.52014809220043,1770.4805840901429,622.2272048819494,1,-1,-1,-1
28.0,6.0,760.5629737838987,194.44521934344078,815.9006728032977,277.10527813840366,1,-1,-1,-1
28.0,7.0,832.3162277738651,150.9909913111142,874.259950714328,211.10679423857553,1,-1,-1,-1
28.0,8.0,981.1505666328134,280.4468101137455,1040.7480488557098,374.80110000091315,1,-1,-1,-1
28.0,9.0,897.7237898048285,194.91633949987212,949.9670462135895,281.4222742389968,1,-1,-1,-1
28.0,11.0,1774.643805520271,349.3329715815925,1848.3598341032769,438.4502073798299,1,-1,-1,-1
28.0,12.0,867.1432576555163,137.9434322564108,896.6864965895126,167.94029832025262,1,-1,-1,-1
28.0,13.0,1412.3373624933577,147.87254835082757,1460.093359822785,223.82302678198533,1,-1,-1,-1
28.0,15.0,1102.6739146868226,611.8834685331706,1734.599894438386,905.7028178206917,1,-1,-1,-1
29.0,1.0,300.2984109263273,532.525057566108,619.2668661972567,805.2821004960952,1,-1,-1,-1
29.0,3.0,1478.1625914189297,342.9548738926336,1564.2510619191482,484.77694110143125,1,-1,-1,-1
29.0,4.0,1077.727059242066,463.60782672956253,1172.429847228107,625.6852059021076,1,-1,-1,-1
29.0,5.0,1682.7194585579555,468.9483065244284,1766.1895935516945,615.2831528293542,1,-1,-1,-1
29.0,6.0,760.5242641213798,189.35952860952995,816.6610411628347,273.53051213468115,1,-1,-1,-1
29.0,7.0,832.2445069069618,148.34809942250178,874.7214533699573,208.94139647262256,1,-1,-1,-1
29.0,8.0,981.0693606858082,277.3439221960899,1040.149545606673,370.694832809256,1,-1,-1,-1
29.0,9.0,899.0289916935138,193.3466859518023,950.151248181275,277.72487713827394,1,-1,-1,-1
29.0,11.0,1774.1813912309915,348.5186652912133,1848.929666535643,438.73102925843966,1,-1,-1,-1
29.0,13.0,1410.9553236449199,144.8949677395281,1459.0404016709133,220.26785654223391,1,-1,-1,-1
29.0,15.0,1123.631442699058,600.5765684541125,1717.0021097963277,889.5954570635504,1,-1,-1,-1
30.0,1.0,306.03688973367366,524.4924766708693,620.8575534550585,795.7110823758326,1,-1,-1,-1
30.0,3.0,1475.8066673905203,338.4803432209943,1561.864153335808,479.4876824842265,1,-1,-1,-1
30.0,4.0,1081.2113162587361,460.392096326653,1174.2814420724371,619.1860545850984,1,-1,-1,-1
30.0,5.0,1677.3291426096207,461.62876354626655,1762.2709289438535,610.5292095739235,1,-1,-1,-1
30.0,6.0,761.794800171082,185.20258524062604,818.1543350896814,270.2444195641097,1,-1,-1,-1
30.0,7.0,832.6358278245906,145.56708002658903,875.7805961205528,206.82051692463452,1,-1,-1,-1
30.0,8.0,980.700258039954,272.27267653011154,1040.5429370196382,367.0860988951565,1,-1,-1,-1
30.0,9.0,899.5655001685982,185.83315388868976,953.6346598463961,275.4742265035739,1,-1,-1,-1
30.0,11.0,1775.0478476092726,351.32307108521167,1847.7700856789784,438.930433800692,1,-1,-1,-1
30.0,13.0,1408.9779587299015,145.8013839100239,1455.486146676659,217.92303094147576,1,-1,-1,-1
30.0,15.0,1141.5968397167198,588.8335738258288,1702.8565680803745,874.6495518716151,1,-1,-1,-1
31.0,1.0,314.0248461733373,517.5607971212598,622.3511141606016,784.6074831114365,1,-1,-1,-1
31.0,3.0,1473.8803150322597,335.55073713715535,1558.8774067289614,473.6917571420064,1,-1,-1,-1
31.0,4.0,1082.3569214626398,454.8174899152088,1175.5938663566642,614.1556018846408,1,-1,-1,-1
31.0,5.0,1671.8412573304474,456.2470292681168,1757.0773052763263,605.3496687515882,1,-1,-1,-1
31.0,6.0,763.6737458828947,186.67774406771863,817.6704907937689,267.9301754550891,1,-1,-1,-1
31.0,7.0,833.0471281193077,144.68504888227545,876.0315201768235,205.1642419140992,1,-1,-1,-1
31.0,8.0,981.5150193620773,268.8392146194676,1040.929162827066,362.9979796476597,1,-1,-1,-1
31.0,9.0,901.1179448376539,186.5309811944489,953.4538984490956,272.69005924833334,1,-1,-1,-1
31.0,11.0,1774.5536208039105,349.70245672882686,1849.0995130124732,439.4980317977278,1,-1,-1,-1
31.0,13.0,1408.659663713924,142.244025206848,1457.1878053154248,215.04341704873497,1,-1,-1,-1
31.0,15.0,1161.6672959600044,580.9759737082095,1686.39030342631,859.2771230771286,1,-1,-1,-1
32.0,1.0,320.535780421353,511.8514336499405,623.231857157663,775.3396845581735,1,-1,-1,-1
32.0,3.0,1470.3695305235308,332.2761590602239,1554.8749977141435,468.4974778823464,1,-1,-1,-1
32.0,4.0,1084.269430128003,449.09475915558244,1178.567179221514,609.5578587309225,1,-1,-1,-1
32.0,5.0,1665.5972251102794,450.77213778209693,1752.0291511472956,600.6527622207418,1,-1,-1,-1
32.0,6.0,764.5782112190707,183.79739783801543,819.1211545117708,265.9206987665787,1,-1,-1,-1
32.0,7.0,832.9556264564798,142.2786744680862,876.6045309449938,203.7431562362695,1,-1,-1,-1
32.0,8.0,981.1077526692807,266.71868804110346,1040.24195047781,360.56880159968426,1,-1,-1,-1
32.0,9.0,903.4056738365058,187.16947744435714,954.0504208964836,270.2880201521429,1,-1,-1,-1
32.0,11.0,1774.367704641608,350.13694071429234,1849.5686484842934,440.46258936806896,1,-1,-1,-1
32.0,13.0,1407.9241686677274,140.93680942479176,1457.20310562636,212.40158589389188,1,-1,-1,-1
32.0,15.0,1176.9881229476623,571.5718573684554,1675.9253870063494,846.6056333495061,1,-1,-1,-1
33.0,1.0,325.5800203314152,503.8135226723525,626.6394608961723,767.1194962430075,1,-1,-1,-1
33.0,3.0,1465.675588972839,327.9979197432045,1549.8398534739938,463.48909606809906,1,-1,-1,-1
33.0,4.0,1087.3442698102344,445.8975004910525,1179.5606266586483,602.5142939421775,1,-1,-1,-1
33.0,5.0,1663.7927304805103,447.23420586524884,1748.7155265525644,593.6470347432837,1,-1,-1,-1
33.0,6.0,765.8828844508632,181.49832717089515,820.9061799307294,264.2809016613886,1,-1,-1,-1
33.0,7.0,833.5435204128426,142.58924997293266,876.3737090938298,202.73173906800022,1,-1,-1,-1
33.0,8.0,982.2283189239489,267.76507918024515,1039.6828073779195,358.61697976546895,1,-1,-1,-1
33.0,9.0,906.134442558469,189.42206292488464,954.6238835265123,268.26179890486407,1,-1,-1,-1
33.0,11.0,1774.540767180165,349.9548068721299,1850.4537237609911,441.0536918815038,1,-1,-1,-1
33.0,13.0,1407.4640799947063,139.67241978802116,1458.4038992070125,210.8948637974412,1,-1,-1,-1
33.0,15.0,1194.7398607783332,564.4389776597452,1664.8340292542628,833.0930441268858,1,-1,-1,-1
34.0,1.0,332.35862663542525,497.59826371335606,627.3081842308956,756.4254175889994,1,-1,-1,-1
34.0,3.0,1460.2842624315615,323.8662671830102,1544.3050654353835,458.0313619815689,1,-1,-1,-1
34.0,4.0,1087.3585796810487,440.18532215259,1180.3153141367618,597.9897596211895,1,-1,-1,-1
34.0,5.0,1659.1598389340413,441.21658624980574,1744.8140586678471,588.3909446341002,1,-1,-1,-1
34.0,6.0,766.049848313977,177.12543518723533,821.9134393141139,261.5591381377613,1,-1,-1,-1
34.0,7.0,833.401494364717,140.9702425400644,876.2040211360007,201.1294184331047,1,-1,-1,-1
34.0,8.0,981.5359384453885,265.5238672274911,1038.6863244912533,355.6792834362585,1,-1,-1,-1
34.0,9.0,906.2646807476547,186.4421950175598,955.720498763364,266.53372979746445,1,-1,-1,-1
34.0,11.0,1773.1098873545463,348.6595023426707,1850.4324723448287,441.44527740972984,1,-1,-1,-1
34.0,13.0,1406.0930823158699,139.6193792665784,1457.716988165728,208.83415519900694,1,-1,-1,-1
34.0,15.0,1205.7525912841156,554.5127682127675,1655.534572686698,820.2579470024959,1,-1,-1,-1
35.0,1.0,338.2029553413436,491.6857374786191,627.6341990598178,746.2877612689251,1,-1,-1,-1
35.0,3.0,1458.2208534735971,320.2793096542406,1540.7571582794642,451.4839603778805,1,-1,-1,-1
35.0,4.0,1089.4042308069663,438.8497230827255,1180.334076272741,593.0415653554436,1,-1,-1,-1
35.0,5.0,1654.655745015831,436.76348462328826,1739.8808189389563,582.8610062427933,1,-1,-1,-1
35.0,6.0,768.0747133460443,175.72945733909754,823.0961262603507,259.04491379078286,1,-1,-1,-1
35.0,7.0,834.017388847885,140.68573717085414,876.0734072406364,199.72296589022372,1,-1,-1,-1
35.0,8.0,981.0658142769946,261.5164576454898,1038.2029123770344,351.51069786981975,1,-1,-1,-1
35.0,9.0,907.203918551409,185.57993653064284,956.3682343506435,264.5402316766511,1,-1,-1,-1
35.0,11.0,1773.2236543377564,350.0794225280404,1849.4035851735819,441.38026536647754,1,-1,-1,-1
35.0,13.0,1400.8532898614712,144.71062413138515,1448.8691686006414,208.59315547730358,1,-1,-1,-1
35.0,15.0,1218.0905048764123,544.8399473126203,1648.3384489961243,807.2356416806099,1,-1,-1,-1
36.0,1.0,344.1361400569453,483.51829876095536,629.9910633983357,735.8970374251808,1,-1,-1,-1
36.0,3.0,1455.7317580033123,315.92558249725204,1537.3202485207262,444.64484486488396,1,-1,-1,-1
36.0,4.0,1091.2964430010913,434.00680056767027,1181.4245581289558,586.4905994899777,1,-1,-1,-1
36.0,5.0,1650.1151417117107,432.144298315392,1734.9781920887308,577.3139783573705,1,-1,-1,-1
36.0,6.0,769.8697808873779,174.944288191938,822.7520519431486,254.695424151962,1,-1,-1,-1
36.0,7.0,834.98629458176,140.28467943563822,875.9232781297129,197.2950483711943,1,-1,-1,-1
36.0,8.0,980.0885985926748,257.3657771535304,1037.152516946529,347.23966045984287,1,-1,-1,-1
36.0,9.0,908.2095397164509,183.79832850179895,956.6841412951886,260.7396001701798,1,-1,-1,-1
36.0,11.0,1773.3948262281451,351.00949758833553,1848.301834201463,440.69183568050266,1,-1,-1,-1
36.0,13.0,1397.5071540686417,146.04683608358846,1443.3605674793398,206.60266494866602,1,-1,-1,-1
36.0,15.0,1226.993857889278,534.8350239212241,1642.597037140035,796.0937004798127,1,-1,-1,-1
36.0,16.0,1431.1780362749962,139.6675048828125,1463.6198397015662,180.1904571533203,1,-1,-1,-1
37.0,1.0,349.456894982397,475.9636316048632,630.9042519681775,725.3097059704551,1,-1,-1,-1
37.0,3.0,1453.0913618125126,311.16229986875544,1534.0128548225864,438.1240797091456,1,-1,-1,-1
37.0,4.0,1093.2172929883568,429.23559007357005,1182.751192276848,580.3450584174681,1,-1,-1,-1
37.0,5.0,1647.6972910689447,429.09914278078537,1730.8509257995656,571.0616485732254,1,-1,-1,-1
37.0,6.0,771.755122695566,173.8976166466527,823.00376299624,250.99929409851296,1,-1,-1,-1
37.0,7.0,836.3322235077674,139.53524819280497,876.6871469555883,195.04122279965313,1,-1,-1,-1
37.0,8.0,980.3422249305381,254.04865093783079,1036.6028750856497,342.9175826425269,1,-1,-1,-1
37.0,9.0,909.8621702752177,182.99553194556526,956.7645722490295,256.79660677101265,1,-1,-1,-1
37.0,11.0,1773.0578275154094,349.36667775329255,1848.1985243427098,439.104835292121,1,-1,-1,-1
37.0,13.0,1395.0241892574552,147.03080035954704,1438.8924961094501,204.40391330840666,1,-1,-1,-1
37.0,15.0,1236.4233340037194,524.9617254271185,1634.9519406693303,782.462122084428,1,-1,-1,-1
37.0,16.0,1430.9627852249578,139.29961874262162,1460.798953122589,176.45136414127168,1,-1,-1,-1
38.0,1.0,353.6482130969334,468.39756496827255,631.4605583898551,715.1705628068244,1,-1,-1,-1
38.0,3.0,1449.403625456155,304.2110897988308,1531.0214866200251,431.7742416104127,1,-1,-1,-1
38.0,4.0,1094.4252633416318,424.2346040708571,1184.1042234633896,575.0585633492317,1,-1,-1,-1
38.0,5.0,1644.8439134761418,424.4637868196147,1727.0394855001489,564.1102968507848,1,-1,-1,-1
38.0,6.0,773.8118059377662,172.5887806932355,823.3018650375825,246.68869187980914,1,-1,-1,-1
38.0,7.0,837.2157700135253,139.08020744981854,876.3745091175624,192.2860291386532,1,-1,-1,-1
38.0,8.0,980.4938889368215,249.75646617148894,1036.522801488095,338.4978353646865,1,-1,-1,-1
38.0,9.0,911.5592669626677,182.61832414344283,956.9121246616056,253.1846388342,1,-1,-1,-1
38.0,11.0,1772.7752363903878,347.5362913710322,1848.9201798744316,438.11231513443994,1,-1,-1,-1
38.0,13.0,1398.256600204109,140.74325477470154,1446.420333067961,200.61574974609005,1,-1,-1,-1
38.0,15.0,1246.2422681788844,515.4848150969843,1628.4888151238251,768.7052427828897,1,-1,-1,-1
39.0,1.0,357.1313264291706,459.25390262430676,633.2329534830636,705.4591859391898,1,-1,-1,-1
39.0,3.0,1446.2332749883844,298.4424153993027,1526.5569689747745,423.8033039504611,1,-1,-1,-1
39.0,4.0,1096.3609234833627,415.90423241948054,1186.7212620420894,567.4336276973609,1,-1,-1,-1
39.0,5.0,1640.0567631577264,415.1625170683095,1722.7215604249996,556.3150145047163,1,-1,-1,-1
39.0,6.0,775.2737522636273,171.358047375557,823.5650318247269,243.04493157720285,1,-1,-1,-1
39.0,7.0,837.4564948838615,138.1873986493298,875.1934372136416,188.59985363611236,1,-1,-1,-1
39.0,8.0,981.6876965131198,250.33826710279118,1035.1641188191265,334.55314964653894,1,-1,-1,-1
39.0,9.0,912.3684570173821,182.17947192393407,956.9759292309043,250.6257560382551,1,-1,-1,-1
39.0,11.0,1771.4774447220752,343.87912753841874,1849.7432162785694,437.2476292421982,1,-1,-1,-1
39.0,13.0,1393.3685456292217,139.79447009304505,1440.873231717231,197.94022106178522,1,-1,-1,-1
39.0,15.0,1254.911396158863,507.82599900098717,1621.2029755320243,756.0500128603967,1,-1,-1,-1
40.0,1.0,363.16206724378327,452.1475519120009,633.8067724801142,693.5860428459339,1,-1,-1,-1
40.0,3.0,1442.8192817025358,293.22751063864234,1523.5953358411687,419.33245289014087,1,-1,-1,-1
40.0,4.0,1097.6162248502606,410.0245425168944,1188.1702018633496,562.1011225153964,1,-1,-1,-1
40.0,5.0,1635.6853757746105,408.091292084349,1718.7009370814046,550.612019413959,1,-1,-1,-1
40.0,6.0,776.547696293165,169.26509992116084,824.6643139694952,240.30411127548703,1,-1,-1,-1
40.0,7.0,837.9582372437594,137.70054904950717,874.8981836665841,186.20197126570486,1,-1,-1,-1
40.0,8.0,982.3941328539105,248.8849160530835,1034.4444806359954,330.4262339007467,1,-1,-1,-1
40.0,9.0,913.5232294330937,179.75765090957722,958.4299667829933,248.19386302838168,1,-1,-1,-1
40.0,11.0,1770.804428901565,341.86495512352855,1850.3221012897532,436.9365202229455,1,-1,-1,-1
40.0,13.0,1391.1704855461494,137.32074729615326,1439.4356989357816,194.81090136285846,1,-1,-1,-1
40.0,15.0,1260.0236182509313,499.4300324053849,1617.5095754107003,747.2551644096999,1,-1,-1,-1
41.0,1.0,366.46659911954345,443.9142311923842,635.2371984534675,683.9799292387222,1,-1,-1,-1
41.0,3.0,1440.6736195995957,289.22152124192246,1520.3837654504675,413.3881104482234,1,-1,-1,-1
41.0,4.0,1097.2470573535527,401.9255735308892,1189.5635197145077,556.9353222702284,1,-1,-1,-1
41.0,5.0,1631.7344464407347,402.91852089642316,1714.2908207448163,545.1140984965456,1,-1,-1,-1
41.0,6.0,777.9982889482566,166.71382201854334,825.5643238675196,236.23549833567978,1,-1,-1,-1
41.0,7.0,838.4015020948525,137.93548716465958,874.1667581334416,183.77438875935505,1,-1,-1,-1
41.0,8.0,982.540511924394,245.9339600807891,1033.6381636785372,325.54484462739936,1,-1,-1,-1
41.0,9.0,914.1197839121974,177.9625294693796,959.0761560849762,245.93671771567188,1,-1,-1,-1
41.0,11.0,1771.3138955635652,343.9343640529941,1849.0121984816144,436.6822774112048,1,-1,-1,-1
41.0,13.0,1390.0971903148888,136.24910347535956,1439.1669822346184,192.8748517963429,1,-1,-1,-1
41.0,15.0,1265.7618278356797,491.50039660047986,1612.7933712291494,737.1889126985354,1,-1,-1,-1
42.0,1.0,369.90776303288146,438.40535032368825,636.3955323228009,676.7220142029082,1,-1,-1,-1
42.0,3.0,1437.3141501866664,285.8563777048329,1516.3447829337863,408.54354322175243,1,-1,-1,-1
42.0,4.0,1097.909582890048,397.70196754471544,1189.8008229805166,552.0629381547848,1,-1,-1,-1
42.0,5.0,1628.552752009205,399.2088099247334,1709.8968871746142,539.6398194468344,1,-1,-1,-1
42.0,6.0,779.0825591215042,164.62291437652237,826.4183350222116,233.27801689745263,1,-1,-1,-1
42.0,7.0,838.5432051806047,138.0917612743133,874.2572452670975,182.98427440186984,1,-1,-1,-1
42.0,8.0,981.4296634686862,241.88299025600963,1033.5084663691034,322.79694735522787,1,-1,-1,-1
42.0,9.0,914.0324809972916,173.92878326990302,960.0175360327786,243.40643327533746,1,-1,-1,-1
42.0,11.0,1771.35224151537,345.09088840681113,1848.4659290781585,436.88886934798757,1,-1,-1,-1
42.0,13.0,1392.2954457372657,136.0262976387791,1441.3303729393574,189.63395833565318,1,-1,-1,-1
42.0,15.0,1271.496922166282,485.4646867631374,1608.1255854468743,728.3098486342781,1,-1,-1,-1
43.0,1.0,375.68451831209086,432.71554668798046,638.2487602514011,667.5523393512402,1,-1,-1,-1
43.0,3.0,1434.7232418087565,283.1663284122195,1513.6469174576096,405.61371274888336,1,-1,-1,-1
43.0,4.0,1100.0278620499175,397.2102172349231,1189.9058957797433,547.6555243000358,1,-1,-1,-1
43.0,5.0,1625.4777276552998,396.5638065395866,1706.1165098248491,535.9393483117078,1,-1,-1,-1
43.0,6.0,781.1227481104121,164.789210685712,827.5453127163261,231.23332004710446,1,-1,-1,-1
43.0,7.0,838.878049205454,138.13094707384477,874.7576801816853,182.24670497565728,1,-1,-1,-1
43.0,8.0,980.5202140506036,236.40708203999023,1034.4511534572966,320.1031134407448,1,-1,-1,-1
43.0,9.0,914.6359542672054,172.37351746379818,960.5759962057222,241.40882897218404,1,-1,-1,-1
43.0,11.0,1771.6422458852699,346.81922476180955,1848.0826825078593,437.62851782722294,1,-1,-1,-1
43.0,13.0,1391.9146611673953,136.11425143578953,1442.0648286463445,188.46649802388345,1,-1,-1,-1
43.0,15.0,1277.0918198518295,477.9133411320138,1603.4229905087197,717.5741846927965,1,-1,-1,-1
44.0,1.0,379.9519817971362,428.7839365593558,638.6042369403342,659.8714950799088,1,-1,-1,-1
44.0,3.0,1432.5769697189937,281.5223925732485,1510.2701059747449,402.289089400921,1,-1,-1,-1
44.0,4.0,1101.336736830585,395.62206067584384,1189.2323627592748,542.4043499487598,1,-1,-1,-1
44.0,5.0,1622.7208589128202,393.7484645890916,1703.0064577789847,532.6513916941527,1,-1,-1,-1
44.0,6.0,781.1570413194523,162.17018185113324,828.7583071411688,229.80583066599962,1,-1,-1,-1
44.0,7.0,839.0696075892055,137.96893366099545,875.3588874555238,181.77206831189653,1,-1,-1,-1
44.0,8.0,980.3269420384216,234.54268631741942,1034.146469481334,317.93906790047913,1,-1,-1,-1
44.0,9.0,915.7505906318424,173.5705555048848,960.5021946694558,240.6703552520388,1,-1,-1,-1
44.0,11.0,1771.4047960864737,348.7352894820503,1847.6816236756436,439.3136066750947,1,-1,-1,-1
44.0,13.0,1386.0131277530181,136.74683627360506,1435.5544879428403,187.54727700255322,1,-1,-1,-1
44.0,15.0,1283.8881633975936,472.8744018653555,1599.2164924605383,708.1134073958759,1,-1,-1,-1
44.0,14.0,1408.3128514172179,136.99720579167123,1439.0556280365365,166.50710698228406,1,-1,-1,-1
45.0,1.0,384.3443599241377,423.7763814816836,642.192382428771,653.997238075693,1,-1,-1,-1
45.0,3.0,1430.8513285489266,279.5932242396806,1507.698672304784,399.12833425069596,1,-1,-1,-1
45.0,4.0,1101.8887673677361,392.3147016854349,1189.5992633889089,538.8500344953892,1,-1,-1,-1
45.0,5.0,1619.1851089183465,391.09529264191065,1698.811598763798,529.1102646666153,1,-1,-1,-1
45.0,6.0,780.1958821077352,157.47866560470882,830.0718778792042,228.9399721665989,1,-1,-1,-1
45.0,7.0,838.8369827641227,137.7261895433657,876.0812894501962,182.0688123902516,1,-1,-1,-1
45.0,8.0,980.5170020526518,232.97103669347388,1033.9170241482661,315.71149687744156,1,-1,-1,-1
45.0,9.0,916.1989521055111,173.4887156655087,960.7537353329474,240.33109786817872,1,-1,-1,-1
45.0,11.0,1771.3581317046635,348.42404257210814,1848.3666539479548,439.89270736278667,1,-1,-1,-1
45.0,13.0,1377.7809489250733,138.15397566851885,1425.5232387178141,187.94466889187322,1,-1,-1,-1
45.0,15.0,1288.3351107881733,466.773197134233,1596.2986232109927,699.781949281356,1,-1,-1,-1
45.0,14.0,1410.7770224546757,137.1896936929894,1443.2219943824334,166.26249149355436,1,-1,-1,-1
46.0,1.0,387.0679279652292,418.51129256779154,642.7729193783051,646.5657026376143,1,-1,-1,-1
46.0,3.0,1429.0592073763885,276.1973965941196,1505.401764731969,395.17862941079545,1,-1,-1,-1
46.0,4.0,1103.943271377468,391.61275659480475,1189.8297001245417,535.2863003079253,1,-1,-1,-1
46.0,5.0,1615.9796361231543,388.22993759598285,1694.4689796231414,524.570063604417,1,-1,-1,-1
46.0,6.0,782.4013759649847,158.98118853046623,830.4585822910917,227.52388366383195,1,-1,-1,-1
46.0,7.0,839.1317310903962,137.33731326712666,876.8686717303015,181.80751860891473,1,-1,-1,-1
46.0,8.0,980.3319606261846,229.43977718375467,1034.6533639533307,313.7554371456865,1,-1,-1,-1
46.0,9.0,917.1632517759109,172.2221025854618,961.5349413808063,238.89350726469155,1,-1,-1,-1
46.0,11.0,1771.889411594807,349.33746926552686,1848.2707014289067,440.07721258313,1,-1,-1,-1
46.0,13.0,1375.188198110072,137.91024726526658,1421.5634064391536,186.76712637240698,1,-1,-1,-1
46.0,15.0,1290.5934841358387,460.5826797255311,1591.9097711943675,691.8884782803275,1,-1,-1,-1
46.0,14.0,1408.040209776133,136.95558601272492,1442.611232573725,165.90138812750038,1,-1,-1,-1
47.0,1.0,390.93902434578155,412.18045932845075,644.5925227832292,638.1370634377279,1,-1,-1,-1
47.0,3.0,1425.9704456200977,271.51072866782295,1501.3674899839914,389.7262001938725,1,-1,-1,-1
47.0,4.0,1104.9277669833634,389.0006932991037,1189.7748937952067,530.8101404280706,1,-1,-1,-1
47.0,5.0,1613.025078433678,385.5161337798868,1689.9982619024424,519.3500245044293,1,-1,-1,-1
47.0,6.0,782.5762083160333,155.70246229598425,831.227049218353,225.2250749415298,1,-1,-1,-1
47.0,7.0,839.350764847323,137.36053319664447,876.5721361987685,180.64749127700688,1,-1,-1,-1
47.0,8.0,979.3855790683999,225.73199892664607,1034.600667474828,311.9722730273695,1,-1,-1,-1
47.0,9.0,917.3546352950143,170.5549682950678,960.8321507914256,235.76372658137632,1,-1,-1,-1
47.0,11.0,1772.4919029237478,349.8748357599119,1848.361267252206,440.03467724191944,1,-1,-1,-1
47.0,13.0,1373.0009867938843,138.85281294075506,1417.03943819501,185.511027364664,1,-1,-1,-1
47.0,15.0,1294.952035153511,454.0027195569777,1589.5111139234325,683.3649804750061,1,-1,-1,-1
48.0,1.0,395.5213779258841,407.7296642482082,647.5912370509268,632.2852338106976,1,-1,-1,-1
48.0,3.0,1423.7116313770266,266.69629337662684,1498.183323309021,384.4140341029089,1,-1,-1,-1
48.0,4.0,1107.166054188635,388.0090423296449,1190.517933436368,526.5614947027968,1,-1,-1,-1
48.0,5.0,1610.0593865347737,380.4829937219839,1686.677669200133,514.1490882236694,1,-1,-1,-1
48.0,6.0,783.6117746787002,154.17822308292844,832.2371982380719,223.53032818238452,1,-1,-1,-1
48.0,7.0,839.5579612428595,136.86004185253395,876.3992341679271,179.02679516472702,1,-1,-1,-1
48.0,8.0,980.1343525294841,224.14349412438483,1034.0415245500649,308.11946428351894,1,-1,-1,-1
48.0,9.0,917.53810860546,166.60784194256675,961.5012459246103,232.47176315137344,1,-1,-1,-1
48.0,11.0,1773.4883275614616,351.66281114521655,1847.8554742794204,440.16478370119137,1,-1,-1,-1
48.0,13.0,1372.243729740294,138.40586336805282,1415.1826274261498,183.68098631489354,1,-1,-1,-1
48.0,15.0,1298.9319714450878,448.77118699135076,1584.9202693720756,674.2741437004088,1,-1,-1,-1
48.0,17.0,1342.909701937188,904.4556640625,1494.0606838049994,1077.84970703125,1,-1,-1,-1
49.0,1.0,398.58133343043744,399.53323504144123,650.811369648737,624.6667543859674,1,-1,-1,-1
49.0,3.0,1421.8733513784643,262.1019457797586,1495.9847987249734,379.47094976535277,1,-1,-1,-1
49.0,4.0,1108.7477292604754,382.9109731921238,1191.6956631926078,520.0596027170054,1,-1,-1,-1
49.0,5.0,1606.75504625293,376.8519156418487,1682.0730516160477,508.0890610583408,1,-1,-1,-1
49.0,6.0,785.3713206728271,153.6419452612275,832.7219679391405,220.8108877214074,1,-1,-1,-1
49.0,7.0,839.4437859220616,136.59823307511564,875.5448464337933,177.15140561877385,1,-1,-1,-1
49.0,8.0,980.1832129973066,220.7501871781695,1033.3883304800097,303.44045412896116,1,-1,-1,-1
49.0,9.0,917.9578645941382,163.37329862163293,962.1474198617092,229.62286862538448,1,-1,-1,-1
49.0,11.0,1773.2229694187054,351.68388829507165,1847.3075150237269,439.6369679218488,1,-1,-1,-1
49.0,13.0,1371.9827706318895,138.26786440179876,1413.2601562586685,181.31041942429442,1,-1,-1,-1
49.0,15.0,1301.7050088413093,439.9249842859541,1582.3091299024504,663.5998457728598,1,-1,-1,-1
49.0,17.0,1324.8952567289118,884.3017800557102,1492.91041344567,1077.7930880242554,1,-1,-1,-1
50.0,1.0,403.3885799846353,393.3266753678082,650.599528449537,614.014989088759,1,-1,-1,-1
50.0,3.0,1419.2360779667752,257.07368175408857,1493.3849068249597,374.28353229923204,1,-1,-1,-1
50.0,4.0,1109.832305367276,377.4499162067166,1192.63014375639,513.7212117263924,1,-1,-1,-1
50.0,5.0,1604.5348022190224,372.26842568745343,1679.2524848333624,502.62538423368,1,-1,-1,-1
50.0,6.0,787.5535339711563,153.79139117014674,833.4320241782517,217.92938721782426,1,-1,-1,-1
50.0,7.0,839.2002244935998,136.79021827002734,874.3175885310818,174.9597644232986,1,-1,-1,-1
50.0,8.0,980.3528287011419,217.97985142324282,1033.0416717146966,299.7010221652662,1,-1,-1,-1
50.0,9.0,918.7219355350885,163.00682244135635,961.2996773375703,226.52010562619313,1,-1,-1,-1
50.0,11.0,1772.9202265174906,349.71859723928105,1847.1653230084864,437.62444285797517,1,-1,-1,-1
50.0,13.0,1371.523360067264,137.90898243253665,1410.9088792917728,178.3077489453768,1,-1,-1,-1
50.0,15.0,1303.1064920598162,430.4899423958826,1580.5913514727747,653.8583943337163,1,-1,-1,-1
50.0,17.0,1314.3562438276615,871.4459323916105,1492.7321658615717,1078.4723079020282,1,-1,-1,-1
51.0,1.0,407.07248717020514,386.0388609942524,652.4712858586469,605.291366954804,1,-1,-1,-1
51.0,3.0,1417.6399178485176,252.7931722504279,1490.7431904888244,367.5074170869872,1,-1,-1,-1
51.0,4.0,1110.9297797239476,371.22352730329726,1194.3308328022651,508.609529720835,1,-1,-1,-1
51.0,5.0,1600.524574852886,364.7751477491216,1676.3036670986667,497.25654628829426,1,-1,-1,-1
51.0,6.0,790.2821850896642,152.92712933834275,835.0543972838927,214.67042406680997,1,-1,-1,-1
51.0,7.0,840.3568793554942,136.97930446126108,873.9530030628779,172.20976960113964,1,-1,-1,-1
51.0,8.0,980.1653225815693,213.57924418015205,1032.954005456548,295.46245242046086,1,-1,-1,-1
51.0,9.0,919.797003505937,161.8666798337044,961.3708649326513,223.42283141044211,1,-1,-1,-1
51.0,11.0,1772.3954679215938,348.79368697747555,1847.4187374062574,437.5192092208804,1,-1,-1,-1
51.0,13.0,1371.3268770493019,137.90960014987317,1408.665048733169,175.2092148168082,1,-1,-1,-1
51.0,15.0,1304.9257487418329,422.92436141001735,1577.480581648205,644.1618275562805,1,-1,-1,-1
51.0,17.0,1303.6834730426601,857.3627330043232,1493.0058648318384,1079.6116722940483,1,-1,-1,-1
52.0,1.0,410.04139329739485,378.70899486914846,652.7722321651642,595.5608217357757,1,-1,-1,-1
52.0,3.0,1414.1207136909234,247.87458071996556,1486.9836359725773,361.401033972564,1,-1,-1,-1
52.0,4.0,1111.7108234817629,364.63042146247744,1195.1006546599533,502.4854829182964,1,-1,-1,-1
52.0,5.0,1598.0441210848194,358.36797328168393,1673.8847994222606,491.05213534801794,1,-1,-1,-1
52.0,6.0,790.4666190036812,148.54710278929724,835.6098497791163,210.36157146150924,1,-1,-1,-1
52.0,7.0,842.2132101412997,137.71365319933298,874.5967853721734,170.3524297465555,1,-1,-1,-1
52.0,8.0,979.8737154986381,210.80914463914607,1032.0721661223313,291.8090357557144,1,-1,-1,-1
52.0,9.0,919.2499967767092,158.5964899671789,961.3085610998642,220.5103719331065,1,-1,-1,-1
52.0,11.0,1772.5992342138666,346.6072400844127,1848.6401012751794,436.3962632922373,1,-1,-1,-1
52.0,13.0,1369.44375209032,137.676816931456,1405.0619776052392,172.41660959888864,1,-1,-1,-1
52.0,15.0,1307.301267462089,416.59334708447574,1574.0950554851674,634.841990582708,1,-1,-1,-1
52.0,17.0,1293.9501355938303,845.7207862588665,1489.1771580887923,1078.5753201694745,1,-1,-1,-1
53.0,1.0,412.65816016591793,371.89799692826597,654.3942902960243,588.0103470590565,1,-1,-1,-1
53.0,3.0,1411.5504549340403,245.1401355843088,1483.5966979969398,356.67314151882215,1,-1,-1,-1
53.0,4.0,1113.5686366614575,362.0123153157875,1194.8648866030828,496.2355753288131,1,-1,-1,-1
53.0,5.0,1595.8715326293957,354.2150649746548,1671.6028621333382,487.20871202431994,1,-1,-1,-1
53.0,6.0,791.2635160865716,147.4786050229714,835.7617997800814,207.86329160292627,1,-1,-1,-1
53.0,8.0,980.4009941635634,210.5219175544442,1031.2545835713647,289.2198745106518,1,-1,-1,-1
53.0,9.0,918.7179443355291,154.02596399011549,962.3879311153624,218.40509400309645,1,-1,-1,-1
53.0,11.0,1771.745292904551,345.6263934467949,1849.6807260333082,437.8106346303186,1,-1,-1,-1
53.0,13.0,1368.2246326225822,137.3248828250189,1403.3711289207558,170.6047045811115,1,-1,-1,-1
53.0,15.0,1308.231509892104,410.9676193365301,1571.6689044060972,628.2514366653861,1,-1,-1,-1
53.0,17.0,1284.609688139564,833.2661087679329,1485.0274493137783,1077.4638070680735,1,-1,-1,-1
54.0,1.0,415.41082180526,366.4041088265018,657.0288537558695,582.7753932382483,1,-1,-1,-1
54.0,3.0,1409.2021561622742,244.47714390684936,1479.7803334583036,352.9889491158955,1,-1,-1,-1
54.0,4.0,1113.5688726347892,357.515169184858,1195.6077513205303,492.81581454073466,1,-1,-1,-1
54.0,5.0,1594.2154974556852,351.61108028600677,1669.263330241777,483.58695850634194,1,-1,-1,-1
54.0,6.0,791.7624076989639,144.97858020469505,836.4655676436662,205.0201995119786,1,-1,-1,-1
54.0,8.0,980.0960111429309,209.0720842214089,1030.385511569451,286.56743652176186,1,-1,-1,-1
54.0,9.0,918.886373830129,153.63589665445633,961.903093625022,216.7444573710321,1,-1,-1,-1
54.0,11.0,1771.2056274305266,345.83665395447474,1849.8147423809316,438.79853977285666,1,-1,-1,-1
54.0,13.0,1366.1988543617301,137.40678664170804,1400.7387392281473,169.3546078567751,1,-1,-1,-1
54.0,15.0,1309.6137032868705,405.70901606316204,1568.933148315964,621.1824518390086,1,-1,-1,-1
54.0,17.0,1276.0207683165243,823.2553058560918,1479.3174939909038,1077.0080491429599,1,-1,-1,-1
55.0,1.0,418.9360786255477,362.7078627983092,658.1329451665752,577.0013095223547,1,-1,-1,-1
55.0,3.0,1407.6031344457886,244.16618062025375,1476.52548110248,349.5727382862053,1,-1,-1,-1
55.0,4.0,1113.7525326485784,354.34640533365126,1196.1844484165758,490.4165274786979,1,-1,-1,-1
55.0,5.0,1592.6070223622692,349.60503742710966,1666.2108819517475,478.6989942454587,1,-1,-1,-1
55.0,6.0,792.1912055621456,144.47933791261005,836.66412051612,203.76723907042077,1,-1,-1,-1
55.0,8.0,980.3917850223412,207.98971672223803,1029.160286420272,282.5897429625784,1,-1,-1,-1
55.0,9.0,918.2989699986612,152.14484767691093,961.7704106403177,215.97616557144343,1,-1,-1,-1
55.0,11.0,1771.9695445836383,348.59871751372805,1848.7115780649292,439.0732710318799,1,-1,-1,-1
55.0,13.0,1363.4885927736054,137.56186020446705,1397.428345163608,168.4973630969193,1,-1,-1,-1
55.0,15.0,1309.43733934726,398.88570003533556,1566.1712494784695,613.3468068702479,1,-1,-1,-1
55.0,17.0,1267.5533191518703,811.681688597439,1469.981939217891,1070.09453817872,1,-1,-1,-1
56.0,1.0,423.5819642371003,360.38989428247385,659.0322376985091,571.0290306906434,1,-1,-1,-1
56.0,3.0,1405.230517349329,244.84183706067728,1472.709847081697,347.6507352000928,1,-1,-1,-1
56.0,4.0,1115.5215900185763,356.2865552460361,1194.9583974588509,486.9397726192856,1,-1,-1,-1
56.0,5.0,1589.915140380349,347.6860594778376,1663.0739228784455,475.57388544798005,1,-1,-1,-1
56.0,6.0,792.9004483919915,144.93331317294135,836.9019527304387,203.0675208092574,1,-1,-1,-1
56.0,8.0,980.9470890014505,207.7968649417748,1028.6493786115936,280.02714459080164,1,-1,-1,-1
56.0,9.0,918.4304586497957,152.59406198731602,961.37197661836,215.45267769967063,1,-1,-1,-1
56.0,11.0,1772.4419665873786,351.30066556824534,1848.0164190190537,440.01075168110606,1,-1,-1,-1
56.0,13.0,1361.213986282062,137.2386282006018,1395.4800151141228,168.18105824971923,1,-1,-1,-1
56.0,15.0,1310.9536654411504,395.38574085609827,1562.9085343613956,606.7012078424968,1,-1,-1,-1
56.0,17.0,1263.5794040974447,801.7971716998528,1459.7751694793737,1058.4146084861775,1,-1,-1,-1
57.0,1.0,427.2664709950032,357.2880219256449,659.8976889864135,564.8643376392525,1,-1,-1,-1
57.0,3.0,1403.3896170807752,240.27400269611996,1471.3486187318967,344.0548124347649,1,-1,-1,-1
57.0,4.0,1116.6972085548048,356.5738325140504,1194.5348936787807,484.0379713681609,1,-1,-1,-1
57.0,5.0,1586.1764325905808,344.368129461002,1659.9866611939708,472.61665085640595,1,-1,-1,-1
57.0,6.0,792.9593965446375,143.23991485790987,837.8909214285964,202.21940367260834,1,-1,-1,-1
57.0,8.0,980.9204494638568,208.77195395863504,1027.6686717327207,278.53940099490546,1,-1,-1,-1
57.0,9.0,918.0085640317483,151.6490198627868,961.0092702338285,214.51084379845324,1,-1,-1,-1
57.0,11.0,1771.061353271603,348.52665630771196,1849.9151485142884,441.2269546045243,1,-1,-1,-1
57.0,13.0,1359.197853026409,137.1724205876656,1393.9244411660723,168.12083866022874,1,-1,-1,-1
57.0,15.0,1312.4983463525068,390.88625301439873,1559.6373587311318,598.4962766523896,1,-1,-1,-1
57.0,17.0,1260.2016628240697,794.2214317599176,1448.4968569561645,1046.5708592957326,1,-1,-1,-1
58.0,1.0,430.98037468237834,352.99075865822385,662.200149282045,559.0166433869363,1,-1,-1,-1
58.0,3.0,1401.7622747187604,235.68366956549187,1470.0065891219672,340.1248165679517,1,-1,-1,-1
58.0,4.0,1117.8659431526535,353.4066823346259,1195.591578730075,480.61840070544633,1,-1,-1,-1
58.0,5.0,1583.8689961545558,342.6906055336145,1657.3887045930212,469.4316592176912,1,-1,-1,-1
58.0,6.0,794.2991064750411,143.53551058605254,838.1579362039413,200.66486421054358,1,-1,-1,-1
58.0,8.0,980.6345336529279,208.5926557626069,1026.9657846586845,276.8327202243772,1,-1,-1,-1
58.0,9.0,918.3646897403548,152.98905383370064,959.9316877368046,213.40423036929954,1,-1,-1,-1
58.0,11.0,1771.3754436414602,350.17233964023967,1849.3197198307062,441.6537064779915,1,-1,-1,-1
58.0,13.0,1357.783581325904,137.43892696414525,1391.4740568186735,166.9038366478589,1,-1,-1,-1
58.0,15.0,1313.5556524037831,386.03772260812156,1556.9377344752486,591.0242527706367,1,-1,-1,-1
58.0,17.0,1258.7051352663743,785.6823928134947,1437.4351920033573,1030.8005737864971,1,-1,-1,-1
59.0,1.0,433.6649832249392,347.5127874992415,663.6289567916132,552.1182574011176,1,-1,-1,-1
59.0,3.0,1399.4431973491269,233.6403033072924,1466.61970972574,336.40237494055344,1,-1,-1,-1
59.0,4.0,1118.9155922155398,349.12483318278345,1196.9831602213046,477.6092801134494,1,-1,-1,-1
59.0,5.0,1580.901590591828,340.4646342080393,1653.8649276114886,465.6263426329447,1,-1,-1,-1
59.0,6.0,795.6520741700152,142.69710111968726,839.5058168195907,199.2826258415891,1,-1,-1,-1
59.0,8.0,980.6944177435058,208.51439084208525,1026.6881534106983,275.36187062213867,1,-1,-1,-1
59.0,9.0,919.0329358116128,152.62622302035166,959.8497391662777,211.61030181808675,1,-1,-1,-1
59.0,11.0,1772.5116166160099,351.79876388522524,1849.1826070555778,441.7640985719515,1,-1,-1,-1
59.0,13.0,1356.0615491616848,137.60525006494166,1388.5046985885313,165.52193299622198,1,-1,-1,-1
59.0,15.0,1312.4505081186992,379.62831864986083,1555.9755615628953,585.6288527438106,1,-1,-1,-1
59.0,17.0,1256.9584398986844,776.7087859498611,1428.9560630502742,1018.6500785703972,1,-1,-1,-1
60.0,1.0,436.0755853967469,342.53099059729266,664.5152612612367,545.2445888538317,1,-1,-1,-1
60.0,3.0,1398.8770836427354,234.81621858146593,1463.3212318954759,332.60696134664886,1,-1,-1,-1
60.0,4.0,1119.9703449011201,346.3881728167769,1197.279987558413,473.8850260240953,1,-1,-1,-1
60.0,5.0,1578.471781932189,337.73255640950043,1651.367664233313,462.6270715027643,1,-1,-1,-1
60.0,6.0,796.7115422819506,141.25550094048737,840.2252102722553,196.96396184568334,1,-1,-1,-1
60.0,8.0,980.4846491800338,206.84535285062213,1026.1133785406794,272.4322054479225,1,-1,-1,-1
60.0,9.0,919.2141933895848,152.47139705451124,959.3461058963792,210.0842182217423,1,-1,-1,-1
60.0,11.0,1772.5674339930501,351.95259478243474,1848.9779594041993,441.3600095972214,1,-1,-1,-1
60.0,13.0,1355.1016972543875,137.85575916807397,1385.7004651758257,163.48898009119608,1,-1,-1,-1
60.0,15.0,1310.3852362033645,371.6629598643687,1553.7034333759361,578.6417612718836,1,-1,-1,-1
60.0,17.0,1253.3105428079093,763.9794351590365,1420.358909745294,1005.3104223161981,1,-1,-1,-1
61.0,1.0,438.8439879170849,337.93423582956405,665.6998340025904,538.7580965392093,1,-1,-1,-1
61.0,3.0,1398.8936004758139,234.19742205291914,1460.3027558931303,326.60302626376006,1,-1,-1,-1
61.0,4.0,1120.664152259288,340.60160004139993,1198.399187369571,468.82518658994115,1,-1,-1,-1
61.0,5.0,1576.1775859593056,335.2190744913091,1649.2977441398791,459.88873117380984,1,-1,-1,-1
61.0,6.0,798.2738426804818,140.52924029949952,840.5177932178877,194.33379257976492,1,-1,-1,-1
61.0,8.0,981.1748705947905,205.34022518741108,1025.6546807173045,268.34224315455475,1,-1,-1,-1
61.0,9.0,919.8696943616217,151.75726719337544,958.9969620377622,207.5563367445021,1,-1,-1,-1
61.0,11.0,1774.0281019689166,353.6017997490259,1848.8304927872657,440.6799661153574,1,-1,-1,-1
61.0,15.0,1311.4396215353045,365.9104869758537,1550.7483833370966,570.1626116881481,1,-1,-1,-1
61.0,17.0,1251.3404975584176,753.6875140526057,1412.7432454276905,992.9280194369425,1,-1,-1,-1
62.0,1.0,441.4381998829876,331.5355350167465,668.7397298499346,532.7763892718065,1,-1,-1,-1
62.0,3.0,1396.158238042273,228.30661577206533,1458.491887369819,321.68428682655167,1,-1,-1,-1
62.0,4.0,1123.7406726828128,343.7271042857776,1197.5151665725027,464.3253778820259,1,-1,-1,-1
62.0,5.0,1573.6660642375934,330.26736076519825,1647.067932313859,454.9109759304776,1,-1,-1,-1
62.0,6.0,799.8202989640147,139.49522050771975,841.2099639384478,191.58033463365194,1,-1,-1,-1
62.0,8.0,980.8686519623504,202.99753258086494,1025.8157218761621,265.6868583326724,1,-1,-1,-1
62.0,9.0,919.6938890039368,148.9384473547749,959.193716460392,204.98844214222333,1,-1,-1,-1
62.0,11.0,1773.5114048349978,352.9066346670692,1847.9042820603722,439.2022521597443,1,-1,-1,-1
62.0,15.0,1312.643738477536,361.43036843470884,1547.6742822993149,562.2069322180171,1,-1,-1,-1
62.0,17.0,1248.3793886626945,739.9290675523337,1405.5912188146235,979.085807969974,1,-1,-1,-1
63.0,1.0,444.96088184594555,324.95563751285397,671.2014478708925,525.4259671630773,1,-1,-1,-1
63.0,3.0,1394.1357448887238,223.4718899667958,1456.5109619827704,316.31759866674105,1,-1,-1,-1
63.0,4.0,1126.7576920392166,345.1309879364226,1197.253169474387,459.3757017256751,1,-1,-1,-1
63.0,5.0,1572.4378780060451,327.31923009329114,1644.1413667223214,448.72340397113203,1,-1,-1,-1
63.0,6.0,801.8395003355507,138.94089370815212,841.4200181224354,188.06405251695642,1,-1,-1,-1
63.0,8.0,980.2132557566345,197.8164252230758,1026.1527258746114,261.3416987985852,1,-1,-1,-1
63.0,9.0,920.0435222915115,147.93825291003148,958.5987177630512,202.23920089242145,1,-1,-1,-1
63.0,11.0,1773.8214687051368,352.0689648296762,1848.071025913633,437.8437659885081,1,-1,-1,-1
63.0,15.0,1313.2273691639482,356.0693862056873,1545.9419018284668,555.2255219222814,1,-1,-1,-1
63.0,17.0,1245.198416381216,730.5620685410464,1396.0412810336627,965.4950484665952,1,-1,-1,-1
63.0,19.0,1045.9712068038232,140.3953063964844,1178.582113508677,211.03420104980466,1,-1,-1,-1
64.0,1.0,448.9664403368123,319.3257346460855,672.277677141206,517.2058892301987,1,-1,-1,-1
64.0,3.0,1391.8603879371192,217.37585152668845,1455.1272977178708,311.00594076179544,1,-1,-1,-1
64.0,4.0,1127.5300261063037,337.7756332908847,1198.7326920429107,452.9580583161029,1,-1,-1,-1
64.0,5.0,1571.250762787102,323.4473671810349,1641.369969395125,441.44089557715984,1,-1,-1,-1
64.0,6.0,803.9142237577394,138.16143808393795,841.9555963409894,184.36966148080487,1,-1,-1,-1
64.0,8.0,979.2757081041589,190.57972650289872,1026.4804129651031,255.50717427150067,1,-1,-1,-1
64.0,9.0,921.1719876875262,149.3500624555176,957.3533395172029,199.51022709279894,1,-1,-1,-1
64.0,11.0,1774.4483700403584,351.8571787307898,1848.0776397716913,436.55365483793565,1,-1,-1,-1
64.0,15.0,1313.3917109639842,349.3045043489355,1543.8785562492776,546.7361396939224,1,-1,-1,-1
64.0,17.0,1240.1368452230408,716.1953887363272,1388.7075826570021,952.9760730353591,1,-1,-1,-1
64.0,20.0,450.846299230159,319.7937377929687,668.3914510139816,518.20830078125,1,-1,-1,-1
65.0,1.0,451.8573998431428,313.82079342860766,672.8478654802877,510.04252161284694,1,-1,-1,-1
65.0,3.0,1390.0775599031856,214.16588288607892,1452.4563931882542,305.94022701351065,1,-1,-1,-1
65.0,4.0,1127.8916450176678,330.7402730701107,1199.9474696900054,447.44494650824174,1,-1,-1,-1
65.0,5.0,1568.3240497308213,317.4425336184613,1639.0554529189028,436.4294712083463,1,-1,-1,-1
65.0,6.0,805.7362852248125,138.00592384756877,842.5049841105595,181.41270125623234,1,-1,-1,-1
65.0,8.0,978.4573615268263,186.91013004258903,1025.9286453316756,251.75975509899374,1,-1,-1,-1
65.0,9.0,921.2695927235201,148.84948069589507,956.1861527206405,196.3632605588527,1,-1,-1,-1
65.0,11.0,1773.3995330417324,349.55524518414774,1848.1661674517104,435.64769995177784,1,-1,-1,-1
65.0,15.0,1313.6542872053446,344.3257435993373,1540.5231546307564,538.7599707835964,1,-1,-1,-1
65.0,17.0,1235.2279462636034,705.0539781473061,1379.555340615968,939.644499315653,1,-1,-1,-1
65.0,20.0,454.13430925879965,316.11527499920834,669.2012820080038,512.1743647196156,1,-1,-1,-1
65.0,19.0,1044.3750483303184,139.02232388209373,1175.3981680373363,208.70789733505777,1,-1,-1,-1
66.0,1.0,456.8041441638473,311.05418431423516,673.4177934315401,503.3534776761446,1,-1,-1,-1
66.0,3.0,1385.819625393362,207.39309657983506,1450.08772929841,302.1975657085186,1,-1,-1,-1
66.0,4.0,1126.9227372118467,321.70798634164873,1201.575325725978,443.18821282404906,1,-1,-1,-1
66.0,5.0,1566.6331094132936,313.14198688656376,1637.481913853708,432.3936705835276,1,-1,-1,-1
66.0,6.0,806.7813337478788,137.79326306598145,843.277926652326,179.74007529275636,1,-1,-1,-1
66.0,8.0,977.946178401669,185.56601443604822,1025.5629629577402,250.173028576939,1,-1,-1,-1
66.0,9.0,921.4129357808688,147.86474109911342,955.8502663256108,194.0392711742722,1,-1,-1,-1
66.0,11.0,1773.8132767580114,350.64020839139783,1847.8179321630628,435.56164394681383,1,-1,-1,-1
66.0,15.0,1312.1076455541304,338.8199710005871,1538.5537769038822,533.3805060083421,1,-1,-1,-1
66.0,17.0,1231.172988006395,698.6503580812636,1369.898689605266,926.7992786836625,1,-1,-1,-1
66.0,20.0,458.61652107790917,312.35027859884025,669.6879584050808,504.6878433059383,1,-1,-1,-1
67.0,1.0,459.8508184618144,306.82878582689125,674.8430985184776,497.82906857106343,1,-1,-1,-1
67.0,3.0,1383.456001512251,204.19568674970532,1448.0700851287202,299.78985982005065,1,-1,-1,-1
67.0,4.0,1127.1366472748737,318.48574413335456,1201.8602546526045,440.2948037712827,1,-1,-1,-1
67.0,5.0,1565.0067902627097,311.91484066855,1635.403222536599,430.3294040426608,1,-1,-1,-1
67.0,6.0,807.37370939041,137.29110829831984,844.032664443129,178.23474224016627,1,-1,-1,-1
67.0,8.0,976.9566753955469,184.19072705726614,1024.5472150910146,248.464475202965,1,-1,-1,-1
67.0,9.0,921.0606123709509,147.53084701131544,955.2359399666892,192.77284546812044,1,-1,-1,-1
67.0,11.0,1773.6034445769878,350.4011934942649,1848.623607739633,436.3421310621771,1,-1,-1,-1
67.0,15.0,1312.829237338304,336.0030726258386,1535.537229244166,527.3325826359047,1,-1,-1,-1
67.0,17.0,1227.1166386453451,693.258635785265,1360.9637852129545,915.9730943134554,1,-1,-1,-1
68.0,1.0,462.0533391453502,302.1102748693686,676.1742338304374,492.5556839209877,1,-1,-1,-1
68.0,3.0,1381.8413365375845,203.19406210310274,1445.6681865002197,297.51254083098104,1,-1,-1,-1
68.0,4.0,1127.339010954051,312.54951156714463,1203.6562182902549,437.1291629248339,1,-1,-1,-1
68.0,5.0,1563.2022498005372,312.58237144962067,1632.9859981792792,429.6847179818183,1,-1,-1,-1
68.0,6.0,807.5230415516234,137.49691589249568,844.9504766066879,178.27836139547958,1,-1,-1,-1
68.0,8.0,976.3756471382025,184.1359843728351,1023.7466480054794,247.78439879576152,1,-1,-1,-1
68.0,9.0,920.7671303008958,147.95006576652742,954.9950977848687,192.64504701066596,1,-1,-1,-1
68.0,11.0,1773.4767047075145,352.4141794286309,1848.6161160120912,438.29838628447493,1,-1,-1,-1
68.0,15.0,1311.3314133283786,330.9260025338232,1534.0206009294873,522.4359895459585,1,-1,-1,-1
68.0,17.0,1222.7435291273373,687.3815430144554,1353.4609771317073,907.4674915618533,1,-1,-1,-1
68.0,21.0,787.5180734493624,965.8261230468751,950.5949148318875,1079.8404296875,1,-1,-1,-1
68.0,22.0,1062.131948115245,969.6819580078126,1249.4245216113177,1079.1866699218751,1,-1,-1,-1
69.0,1.0,464.63621412709205,299.2842620770841,677.5264926646466,488.6814241337213,1,-1,-1,-1
69.0,3.0,1379.1563576114663,201.13527609701646,1443.4236417159082,296.0304917685203,1,-1,-1,-1
69.0,4.0,1127.4764946652626,313.8242241828693,1202.3752228335115,436.0612958677104,1,-1,-1,-1
69.0,5.0,1560.4659461752638,312.4044315943586,1630.3498131731096,429.6993990819375,1,-1,-1,-1
69.0,6.0,807.5049621899481,138.09842821043003,845.3522711778259,178.66801724728072,1,-1,-1,-1
69.0,8.0,975.9419035645024,184.29069449956933,1023.1318587158974,247.42029881108186,1,-1,-1,-1
69.0,9.0,920.7584714281202,148.60685802166958,955.0909369230267,192.88253058239033,1,-1,-1,-1
69.0,11.0,1773.5430122960227,354.6409500773676,1848.2549994937524,440.27166252591417,1,-1,-1,-1
69.0,15.0,1311.1973599322268,328.3740838161217,1530.9815015054542,517.6063055397142,1,-1,-1,-1
69.0,17.0,1218.4055499785454,682.6310713232165,1345.9836279360088,900.0279410018268,1,-1,-1,-1
69.0,21.0,773.3350925190695,947.7165834056401,959.5767329818674,1078.6877600016032,1,-1,-1,-1
69.0,22.0,1047.738044943436,957.8260917149404,1254.1551398527774,1079.2995124362485,1,-1,-1,-1
69.0,23.0,-12.770521302900079,1010.971435546875,614.9904126603219,1080.0,1,-1,-1,-1
70.0,1.0,467.5052770037794,296.83982374434703,678.7446178439325,484.6962654161784,1,-1,-1,-1
70.0,3.0,1377.8827419700506,197.32108849891122,1442.4031255569803,292.35463422325574,1,-1,-1,-1
70.0,4.0,1128.377204551172,310.8698412575885,1203.6558173416008,433.62890840315924,1,-1,-1,-1
70.0,5.0,1557.811821868666,308.80546956875986,1628.8369046037428,428.770890429026,1,-1,-1,-1
70.0,6.0,807.8391370016195,137.92758596227776,846.5265424630211,178.63928976642666,1,-1,-1,-1
70.0,8.0,976.0949205777379,184.41577000801956,1022.3768388645026,246.01521835617476,1,-1,-1,-1
70.0,9.0,920.2029017588106,148.7311094630399,954.7691333673351,192.86947613085118,1,-1,-1,-1
70.0,11.0,1771.8594224921726,353.91225622317927,1848.9821146780332,442.62776751285173,1,-1,-1,-1
70.0,15.0,1310.0722913965085,325.4261822906282,1528.4887711583194,513.7442564867274,1,-1,-1,-1
70.0,17.0,1213.7159040198665,674.9519338974715,1339.5235071751856,891.6837331117149,1,-1,-1,-1
70.0,21.0,758.525582642758,927.9076031740028,970.0665075548933,1078.4394835967178,1,-1,-1,-1
70.0,22.0,1034.3020989633,942.4111493854285,1261.2774159381388,1077.5428981753103,1,-1,-1,-1
70.0,23.0,-99.09425001804283,992.1033311151479,694.7569291213706,1080.0,1,-1,-1,-1
71.0,1.0,470.1182940387338,292.565773601204,681.7615684223227,480.5826879207282,1,-1,-1,-1
71.0,3.0,1377.2542318570613,195.2811154475352,1441.345916429047,289.3275940939121,1,-1,-1,-1
71.0,4.0,1130.0575040890992,314.2466857460012,1202.7481652452527,431.74777822707205,1,-1,-1,-1
71.0,5.0,1556.5812571960896,306.1958881319555,1626.9208626894833,425.6852503445575,1,-1,-1,-1
71.0,6.0,808.222014991098,137.45883313185655,847.8225664005109,178.34519429504448,1,-1,-1,-1
71.0,8.0,975.986067530829,183.800079299245,1021.8094685852378,244.49209004299757,1,-1,-1,-1
71.0,9.0,919.855229646836,147.7924113148198,954.9793605979903,192.25013606696746,1,-1,-1,-1
71.0,11.0,1771.3588199620272,353.9111681914854,1849.3733976466442,443.96456429321023,1,-1,-1,-1
71.0,15.0,1310.0035016399324,322.79461124174543,1526.2448539473457,509.387256234236,1,-1,-1,-1
71.0,17.0,1207.9300409865334,663.5480447085343,1334.0045603801566,882.6629935829322,1,-1,-1,-1
71.0,21.0,747.1878025022995,911.5195979258417,978.0595758631066,1078.6699680207462,1,-1,-1,-1
71.0,22.0,1017.3368908517834,925.7268578140252,1268.609152978728,1077.9403258135096,1,-1,-1,-1
71.0,23.0,-180.16085383502997,970.6891661038126,779.8960219278083,1078.4348353679234,1,-1,-1,-1
